 &plot nbnd= 156, nks=    31 /
            0.000000  0.000000  0.000000
  -12.928  -12.890  -12.878  -12.878  -12.875  -12.875  -12.861  -12.847  -12.834  -12.806
  -12.806  -12.791  -12.653  -12.653  -12.636  -12.635  -12.625  -12.616  -12.616  -12.602
  -12.589  -12.589  -12.586  -12.584  -12.584  -12.581  -12.569  -12.569  -12.569  -12.567
  -12.566  -12.541  -12.531  -12.528  -12.518  -12.518  -12.511  -12.511  -12.509  -12.503
   -9.767   -9.262   -9.262   -8.875   -8.349   -8.286   -7.854   -7.844   -7.844   -7.828
   -7.828   -7.601   -7.492   -7.492   -7.432   -7.419   -1.407   -0.749   -0.749   -0.534
    0.076    0.712    0.864    0.864    3.331    3.753    4.187    4.198    4.198    4.590
    4.615    4.680    4.759    4.788    4.805    4.805    5.005    5.005    5.064    5.172
    5.460    5.591    5.591    5.938    5.982    5.982    6.159    6.166    6.409    6.453
    6.453    6.646    6.646    6.749    6.920    6.963    6.963    7.016    7.035    7.040
    7.040    7.040    7.125    7.245    7.245    7.438    7.487    7.565    7.687    7.816
    7.816    8.055    8.058    8.058    8.151    8.167    8.312    8.312    8.580    8.580
    8.804    8.804    8.842    8.851    8.921    9.102    9.213    9.213    9.983   10.434
   10.573   10.631   11.642   12.149   12.683   12.977   13.318   13.318   13.372   13.736
   14.310   14.310   14.367   14.438   14.583   14.583   14.648   15.021   15.024   15.024
   15.405   15.485   15.773   15.835   15.835   15.923
            0.000000  0.001967  0.000000
  -12.928  -12.894  -12.881  -12.881  -12.878  -12.875  -12.862  -12.849  -12.837  -12.808
  -12.807  -12.791  -12.657  -12.657  -12.638  -12.635  -12.627  -12.617  -12.617  -12.607
  -12.593  -12.589  -12.587  -12.585  -12.585  -12.583  -12.572  -12.571  -12.571  -12.569
  -12.566  -12.542  -12.541  -12.528  -12.524  -12.521  -12.521  -12.520  -12.509  -12.506
   -9.767   -9.262   -9.261   -8.875   -8.349   -8.286   -7.860   -7.844   -7.838   -7.829
   -7.828   -7.602   -7.492   -7.492   -7.432   -7.420   -1.407   -0.750   -0.749   -0.535
    0.077    0.713    0.863    0.863    3.331    3.751    4.184    4.197    4.199    4.590
    4.615    4.679    4.759    4.775    4.805    4.815    5.002    5.005    5.065    5.170
    5.460    5.589    5.591    5.940    5.978    5.982    6.162    6.164    6.395    6.453
    6.467    6.643    6.643    6.751    6.921    6.960    6.962    7.016    7.032    7.036
    7.040    7.044    7.125    7.242    7.244    7.437    7.486    7.561    7.687    7.815
    7.816    8.041    8.057    8.071    8.149    8.167    8.311    8.312    8.579    8.579
    8.801    8.802    8.842    8.851    8.919    9.102    9.211    9.212    9.983   10.433
   10.573   10.631   11.643   12.150   12.682   12.975   13.318   13.318   13.369   13.734
   14.309   14.313   14.366   14.437   14.580   14.581   14.648   15.017   15.024   15.025
   15.406   15.487   15.771   15.834   15.834   15.924
            0.000000  0.003933  0.000000
  -12.927  -12.894  -12.881  -12.880  -12.877  -12.874  -12.861  -12.848  -12.837  -12.808
  -12.807  -12.785  -12.656  -12.653  -12.638  -12.635  -12.627  -12.617  -12.617  -12.607
  -12.592  -12.588  -12.586  -12.585  -12.585  -12.583  -12.572  -12.571  -12.569  -12.569
  -12.562  -12.542  -12.541  -12.528  -12.524  -12.521  -12.520  -12.520  -12.509  -12.502
   -9.766   -9.264   -9.261   -8.876   -8.347   -8.285   -7.870   -7.843   -7.830   -7.829
   -7.827   -7.603   -7.493   -7.492   -7.432   -7.420   -1.406   -0.752   -0.749   -0.535
    0.078    0.713    0.861    0.863    3.333    3.756    4.180    4.197    4.202    4.588
    4.616    4.677    4.758    4.759    4.805    4.836    4.997    5.010    5.068    5.169
    5.461    5.587    5.593    5.946    5.966    5.981    6.161    6.169    6.371    6.454
    6.491    6.638    6.639    6.759    6.923    6.953    6.961    7.016    7.029    7.033
    7.045    7.055    7.127    7.241    7.246    7.440    7.487    7.561    7.687    7.813
    7.818    8.026    8.057    8.086    8.147    8.167    8.310    8.313    8.579    8.579
    8.800    8.801    8.843    8.851    8.919    9.103    9.208    9.211    9.986   10.434
   10.573   10.631   11.648   12.153   12.680   12.974   13.318   13.319   13.363   13.732
   14.307   14.320   14.365   14.436   14.576   14.580   14.649   15.007   15.029   15.029
   15.410   15.495   15.770   15.833   15.833   15.926
            0.000000  0.005900  0.000000
  -12.927  -12.896  -12.883  -12.882  -12.876  -12.872  -12.862  -12.848  -12.838  -12.811
  -12.810  -12.786  -12.656  -12.653  -12.639  -12.637  -12.627  -12.616  -12.614  -12.606
  -12.591  -12.587  -12.586  -12.586  -12.586  -12.584  -12.574  -12.574  -12.570  -12.569
  -12.563  -12.542  -12.542  -12.529  -12.524  -12.521  -12.521  -12.520  -12.515  -12.502
   -9.765   -9.267   -9.260   -8.878   -8.344   -8.284   -7.879   -7.843   -7.831   -7.825
   -7.820   -7.604   -7.493   -7.491   -7.432   -7.421   -1.404   -0.754   -0.749   -0.536
    0.081    0.713    0.858    0.863    3.335    3.758    4.175    4.196    4.207    4.583
    4.618    4.673    4.743    4.760    4.805    4.857    4.989    5.015    5.072    5.166
    5.464    5.582    5.596    5.949    5.954    5.979    6.156    6.179    6.346    6.454
    6.518    6.631    6.633    6.769    6.922    6.943    6.961    7.017    7.025    7.028
    7.049    7.070    7.131    7.238    7.250    7.443    7.487    7.559    7.685    7.810
    7.820    8.010    8.057    8.101    8.144    8.167    8.308    8.314    8.577    8.577
    8.797    8.800    8.844    8.852    8.917    9.103    9.203    9.208    9.989   10.435
   10.573   10.630   11.655   12.158   12.676   12.971   13.318   13.321   13.353   13.728
   14.304   14.333   14.361   14.433   14.569   14.578   14.650   14.991   15.035   15.036
   15.415   15.509   15.766   15.830   15.834   15.930
            0.000000  0.007866  0.000000
  -12.928  -12.894  -12.882  -12.881  -12.876  -12.866  -12.862  -12.846  -12.837  -12.811
  -12.810  -12.780  -12.653  -12.645  -12.638  -12.637  -12.625  -12.615  -12.614  -12.604
  -12.597  -12.590  -12.589  -12.586  -12.583  -12.575  -12.574  -12.574  -12.570  -12.569
  -12.559  -12.541  -12.539  -12.529  -12.518  -12.518  -12.518  -12.518  -12.515  -12.495
   -9.764   -9.270   -9.258   -8.881   -8.339   -8.283   -7.889   -7.841   -7.833   -7.823
   -7.810   -7.606   -7.494   -7.490   -7.432   -7.422   -1.401   -0.758   -0.748   -0.538
    0.085    0.714    0.854    0.862    3.340    3.763    4.168    4.194    4.212    4.578
    4.620    4.669    4.725    4.761    4.804    4.881    4.981    5.026    5.077    5.165
    5.468    5.578    5.601    5.928    5.968    5.978    6.149    6.188    6.322    6.456
    6.545    6.622    6.628    6.781    6.923    6.934    6.963    7.017    7.022    7.022
    7.055    7.088    7.135    7.235    7.256    7.449    7.489    7.558    7.686    7.805
    7.824    7.994    8.058    8.116    8.140    8.167    8.305    8.316    8.576    8.577
    8.794    8.799    8.845    8.853    8.917    9.102    9.196    9.206    9.995   10.438
   10.574   10.629   11.667   12.165   12.672   12.968   13.319   13.323   13.339   13.723
   14.299   14.350   14.357   14.430   14.561   14.576   14.651   14.970   15.045   15.047
   15.424   15.525   15.762   15.826   15.836   15.936
            0.000000  0.009833  0.000000
  -12.922  -12.889  -12.880  -12.879  -12.871  -12.863  -12.861  -12.842  -12.836  -12.811
  -12.807  -12.776  -12.651  -12.643  -12.634  -12.633  -12.621  -12.613  -12.608  -12.601
  -12.595  -12.589  -12.587  -12.583  -12.576  -12.575  -12.573  -12.569  -12.569  -12.567
  -12.555  -12.538  -12.534  -12.528  -12.517  -12.516  -12.515  -12.514  -12.511  -12.491
   -9.761   -9.275   -9.257   -8.884   -8.334   -8.282   -7.899   -7.840   -7.835   -7.819
   -7.800   -7.608   -7.495   -7.488   -7.432   -7.424   -1.398   -0.763   -0.747   -0.539
    0.090    0.716    0.848    0.862    3.345    3.770    4.160    4.194    4.220    4.572
    4.623    4.665    4.712    4.762    4.806    4.910    4.971    5.038    5.082    5.161
    5.473    5.574    5.606    5.904    5.976    5.984    6.141    6.197    6.298    6.458
    6.574    6.612    6.627    6.793    6.921    6.927    6.968    7.014    7.017    7.019
    7.061    7.109    7.141    7.232    7.264    7.455    7.492    7.555    7.687    7.800
    7.830    7.980    8.058    8.133    8.135    8.167    8.302    8.320    8.574    8.576
    8.791    8.798    8.846    8.856    8.916    9.103    9.189    9.204   10.002   10.440
   10.575   10.629   11.680   12.174   12.666   12.965   13.319   13.323   13.326   13.717
   14.293   14.351   14.370   14.429   14.550   14.575   14.653   14.947   15.057   15.060
   15.434   15.543   15.757   15.823   15.841   15.943
            0.000000  0.011799  0.000000
  -12.926  -12.890  -12.881  -12.880  -12.874  -12.866  -12.863  -12.842  -12.836  -12.813
  -12.808  -12.777  -12.651  -12.643  -12.638  -12.636  -12.621  -12.613  -12.610  -12.602
  -12.598  -12.596  -12.591  -12.583  -12.578  -12.576  -12.576  -12.569  -12.569  -12.568
  -12.556  -12.538  -12.535  -12.529  -12.518  -12.517  -12.514  -12.514  -12.513  -12.491
   -9.759   -9.281   -9.255   -8.888   -8.328   -8.280   -7.910   -7.839   -7.837   -7.815
   -7.791   -7.611   -7.496   -7.487   -7.432   -7.426   -1.394   -0.769   -0.747   -0.542
    0.095    0.717    0.842    0.861    3.349    3.778    4.149    4.192    4.227    4.563
    4.625    4.660    4.698    4.762    4.806    4.932    4.959    5.051    5.086    5.154
    5.478    5.568    5.611    5.878    5.973    6.001    6.131    6.203    6.275    6.460
    6.598    6.599    6.625    6.805    6.916    6.920    6.975    7.002    7.016    7.018
    7.067    7.131    7.147    7.226    7.271    7.461    7.492    7.550    7.688    7.793
    7.836    7.965    8.058    8.127    8.147    8.167    8.296    8.323    8.570    8.573
    8.786    8.797    8.848    8.857    8.914    9.102    9.178    9.199   10.009   10.442
   10.574   10.626   11.697   12.185   12.659   12.959   13.304   13.319   13.329   13.710
   14.283   14.343   14.385   14.431   14.537   14.572   14.652   14.922   15.070   15.075
   15.445   15.558   15.751   15.818   15.844   15.949
            0.000000  0.013766  0.000000
  -12.923  -12.889  -12.880  -12.877  -12.871  -12.862  -12.856  -12.841  -12.836  -12.807
  -12.802  -12.768  -12.648  -12.641  -12.638  -12.636  -12.624  -12.610  -12.609  -12.604
  -12.596  -12.589  -12.583  -12.581  -12.578  -12.574  -12.570  -12.568  -12.567  -12.563
  -12.542  -12.538  -12.532  -12.529  -12.520  -12.518  -12.514  -12.514  -12.512  -12.496
   -9.756   -9.288   -9.252   -8.893   -8.320   -8.277   -7.920   -7.840   -7.837   -7.810
   -7.782   -7.614   -7.497   -7.485   -7.432   -7.428   -1.390   -0.777   -0.746   -0.544
    0.103    0.720    0.834    0.860    3.356    3.790    4.140    4.190    4.237    4.553
    4.628    4.656    4.687    4.761    4.807    4.947    4.956    5.065    5.091    5.148
    5.484    5.563    5.615    5.853    5.970    6.020    6.125    6.205    6.253    6.462
    6.586    6.624    6.627    6.817    6.910    6.916    6.982    6.989    7.013    7.018
    7.075    7.154    7.154    7.222    7.280    7.470    7.497    7.546    7.688    7.785
    7.843    7.951    8.059    8.121    8.161    8.167    8.291    8.328    8.568    8.570
    8.782    8.795    8.850    8.860    8.915    9.103    9.165    9.195   10.018   10.446
   10.575   10.624   11.717   12.197   12.652   12.953   13.285   13.320   13.333   13.702
   14.272   14.338   14.391   14.448   14.523   14.571   14.653   14.897   15.086   15.092
   15.458   15.571   15.745   15.811   15.851   15.956
            0.000000  0.015733  0.000000
  -12.922  -12.888  -12.881  -12.879  -12.868  -12.863  -12.857  -12.840  -12.836  -12.808
  -12.802  -12.769  -12.643  -12.639  -12.637  -12.636  -12.623  -12.609  -12.608  -12.603
  -12.596  -12.587  -12.583  -12.580  -12.578  -12.574  -12.570  -12.568  -12.567  -12.565
  -12.542  -12.538  -12.532  -12.530  -12.520  -12.519  -12.514  -12.512  -12.510  -12.492
   -9.752   -9.296   -9.249   -8.898   -8.312   -8.275   -7.930   -7.843   -7.835   -7.805
   -7.772   -7.618   -7.499   -7.483   -7.432   -7.431   -1.384   -0.785   -0.745   -0.547
    0.111    0.722    0.826    0.859    3.363    3.802    4.127    4.188    4.247    4.541
    4.630    4.653    4.675    4.760    4.810    4.936    4.981    5.080    5.093    5.142
    5.492    5.560    5.621    5.827    5.967    6.040    6.115    6.204    6.233    6.464
    6.571    6.630    6.647    6.824    6.902    6.914    6.974    6.992    7.010    7.018
    7.083    7.161    7.177    7.217    7.287    7.481    7.502    7.539    7.689    7.776
    7.852    7.936    8.059    8.111    8.167    8.175    8.285    8.333    8.564    8.567
    8.775    8.794    8.851    8.862    8.913    9.103    9.152    9.190   10.029   10.450
   10.575   10.622   11.740   12.211   12.643   12.945   13.263   13.320   13.335   13.694
   14.258   14.327   14.388   14.475   14.508   14.571   14.653   14.871   15.103   15.111
   15.469   15.580   15.738   15.805   15.862   15.964
            0.000000  0.017699  0.000000
  -12.920  -12.888  -12.881  -12.879  -12.867  -12.862  -12.855  -12.840  -12.837  -12.808
  -12.803  -12.769  -12.644  -12.639  -12.636  -12.632  -12.623  -12.609  -12.607  -12.605
  -12.596  -12.584  -12.582  -12.579  -12.577  -12.574  -12.570  -12.567  -12.567  -12.565
  -12.541  -12.539  -12.532  -12.529  -12.522  -12.521  -12.520  -12.514  -12.510  -12.494
   -9.748   -9.305   -9.245   -8.904   -8.303   -8.272   -7.940   -7.847   -7.833   -7.799
   -7.763   -7.622   -7.500   -7.481   -7.434   -7.432   -1.378   -0.794   -0.743   -0.550
    0.119    0.724    0.816    0.858    3.371    3.815    4.113    4.188    4.257    4.526
    4.633    4.651    4.664    4.759    4.812    4.923    5.006    5.091    5.095    5.137
    5.501    5.558    5.625    5.802    5.962    6.058    6.107    6.200    6.213    6.466
    6.557    6.637    6.668    6.830    6.893    6.916    6.957    7.001    7.007    7.018
    7.091    7.169    7.202    7.213    7.294    7.491    7.508    7.531    7.689    7.766
    7.861    7.922    8.059    8.101    8.167    8.189    8.278    8.338    8.561    8.562
    8.769    8.792    8.852    8.865    8.911    9.103    9.136    9.183   10.039   10.451
   10.574   10.618   11.764   12.226   12.634   12.937   13.241   13.321   13.338   13.686
   14.241   14.313   14.382   14.492   14.507   14.571   14.653   14.846   15.125   15.131
   15.480   15.586   15.730   15.797   15.877   15.973
            0.000000  0.019666  0.000000
  -12.922  -12.888  -12.884  -12.880  -12.872  -12.870  -12.856  -12.844  -12.837  -12.810
  -12.801  -12.775  -12.644  -12.639  -12.638  -12.631  -12.623  -12.610  -12.608  -12.603
  -12.597  -12.588  -12.583  -12.583  -12.575  -12.575  -12.575  -12.574  -12.566  -12.564
  -12.546  -12.540  -12.534  -12.527  -12.522  -12.521  -12.520  -12.515  -12.510  -12.493
   -9.743   -9.314   -9.242   -8.910   -8.293   -8.269   -7.950   -7.852   -7.831   -7.792
   -7.755   -7.627   -7.502   -7.479   -7.438   -7.432   -1.372   -0.804   -0.742   -0.554
    0.128    0.726    0.805    0.857    3.380    3.828    4.097    4.186    4.268    4.512
    4.634    4.649    4.653    4.758    4.816    4.909    5.029    5.084    5.108    5.134
    5.510    5.558    5.627    5.775    5.958    6.077    6.100    6.191    6.195    6.469
    6.542    6.645    6.688    6.832    6.884    6.922    6.937    7.005    7.009    7.019
    7.101    7.176    7.207    7.225    7.299    7.501    7.515    7.521    7.690    7.754
    7.871    7.908    8.059    8.091    8.167    8.202    8.268    8.345    8.557    8.559
    8.761    8.789    8.851    8.868    8.908    9.102    9.118    9.176   10.051   10.453
   10.572   10.614   11.791   12.242   12.624   12.927   13.218   13.321   13.339   13.678
   14.222   14.298   14.374   14.475   14.544   14.574   14.653   14.822   15.146   15.150
   15.490   15.587   15.722   15.790   15.894   15.983
            0.000000  0.021632  0.000000
  -12.925  -12.888  -12.883  -12.879  -12.874  -12.873  -12.860  -12.844  -12.838  -12.811
  -12.801  -12.771  -12.642  -12.640  -12.638  -12.629  -12.621  -12.611  -12.610  -12.602
  -12.598  -12.591  -12.583  -12.582  -12.577  -12.575  -12.574  -12.574  -12.567  -12.562
  -12.546  -12.540  -12.535  -12.525  -12.523  -12.519  -12.518  -12.516  -12.510  -12.487
   -9.738   -9.324   -9.238   -8.917   -8.282   -8.265   -7.961   -7.857   -7.829   -7.785
   -7.746   -7.632   -7.504   -7.477   -7.442   -7.433   -1.364   -0.815   -0.740   -0.558
    0.139    0.729    0.793    0.856    3.389    3.844    4.084    4.184    4.282    4.496
    4.634    4.647    4.648    4.760    4.820    4.895    5.054    5.071    5.123    5.135
    5.521    5.559    5.627    5.752    5.953    6.094    6.097    6.180    6.180    6.471
    6.529    6.655    6.705    6.834    6.874    6.917    6.930    7.002    7.016    7.019
    7.111    7.186    7.201    7.250    7.304    7.511    7.512    7.522    7.690    7.742
    7.881    7.894    8.060    8.080    8.168    8.214    8.260    8.351    8.551    8.554
    8.753    8.787    8.851    8.871    8.906    9.099    9.102    9.168   10.064   10.455
   10.571   10.611   11.820   12.259   12.614   12.916   13.196   13.322   13.340   13.671
   14.200   14.282   14.366   14.458   14.577   14.580   14.651   14.803   15.168   15.170
   15.499   15.586   15.714   15.783   15.919   15.990
            0.000000  0.023599  0.000000
  -12.927  -12.887  -12.885  -12.879  -12.873  -12.871  -12.858  -12.845  -12.841  -12.814
  -12.802  -12.773  -12.642  -12.639  -12.630  -12.627  -12.618  -12.612  -12.610  -12.602
  -12.590  -12.587  -12.586  -12.583  -12.578  -12.575  -12.574  -12.572  -12.571  -12.560
  -12.551  -12.542  -12.537  -12.525  -12.525  -12.520  -12.519  -12.517  -12.516  -12.504
   -9.733   -9.335   -9.233   -8.925   -8.271   -8.261   -7.972   -7.862   -7.826   -7.778
   -7.738   -7.637   -7.506   -7.475   -7.446   -7.433   -1.356   -0.827   -0.739   -0.562
    0.150    0.732    0.780    0.854    3.400    3.861    4.066    4.183    4.295    4.479
    4.633    4.638    4.648    4.760    4.821    4.883    5.056    5.077    5.137    5.138
    5.531    5.562    5.625    5.730    5.947    6.088    6.116    6.165    6.169    6.472
    6.514    6.667    6.720    6.836    6.865    6.894    6.940    7.000    7.019    7.022
    7.124    7.194    7.196    7.275    7.309    7.500    7.523    7.538    7.689    7.730
    7.881    7.893    8.062    8.067    8.169    8.226    8.252    8.357    8.543    8.550
    8.745    8.785    8.849    8.874    8.904    9.080    9.102    9.161   10.076   10.458
   10.568   10.602   11.852   12.277   12.604   12.905   13.174   13.323   13.339   13.663
   14.176   14.266   14.357   14.441   14.581   14.620   14.651   14.783   15.187   15.192
   15.505   15.582   15.705   15.772   15.941   15.998
            0.000000  0.025565  0.000000
  -12.922  -12.885  -12.884  -12.875  -12.871  -12.869  -12.857  -12.844  -12.841  -12.812
  -12.801  -12.774  -12.640  -12.637  -12.626  -12.623  -12.614  -12.612  -12.607  -12.600
  -12.586  -12.583  -12.582  -12.582  -12.578  -12.571  -12.570  -12.568  -12.563  -12.561
  -12.549  -12.538  -12.534  -12.524  -12.523  -12.519  -12.518  -12.516  -12.516  -12.512
   -9.727   -9.346   -9.228   -8.933   -8.260   -8.257   -7.981   -7.868   -7.823   -7.770
   -7.730   -7.642   -7.509   -7.473   -7.451   -7.433   -1.347   -0.839   -0.736   -0.567
    0.163    0.736    0.767    0.852    3.410    3.879    4.049    4.181    4.309    4.464
    4.630    4.632    4.648    4.760    4.825    4.868    5.039    5.102    5.145    5.151
    5.547    5.566    5.623    5.709    5.941    6.079    6.134    6.150    6.167    6.475
    6.501    6.679    6.734    6.838    6.856    6.873    6.951    6.999    7.018    7.027
    7.140    7.191    7.204    7.299    7.314    7.490    7.535    7.552    7.689    7.721
    7.869    7.905    8.055    8.064    8.172    8.238    8.243    8.367    8.537    8.547
    8.738    8.784    8.846    8.877    8.903    9.061    9.102    9.155   10.091   10.463
   10.565   10.599   11.885   12.296   12.594   12.892   13.152   13.324   13.338   13.658
   14.149   14.249   14.350   14.426   14.589   14.651   14.660   14.764   15.203   15.216
   15.512   15.580   15.697   15.761   15.966   16.005
            0.000000  0.027532  0.000000
  -12.921  -12.886  -12.883  -12.873  -12.872  -12.872  -12.858  -12.844  -12.838  -12.810
  -12.799  -12.774  -12.645  -12.640  -12.626  -12.624  -12.615  -12.612  -12.611  -12.600
  -12.587  -12.583  -12.582  -12.581  -12.578  -12.571  -12.568  -12.567  -12.561  -12.558
  -12.548  -12.538  -12.534  -12.525  -12.524  -12.522  -12.518  -12.518  -12.516  -12.513
   -9.721   -9.358   -9.223   -8.941   -8.252   -8.247   -7.992   -7.874   -7.820   -7.762
   -7.722   -7.647   -7.511   -7.471   -7.455   -7.433   -1.338   -0.853   -0.734   -0.571
    0.176    0.739    0.753    0.851    3.421    3.897    4.031    4.179    4.324    4.448
    4.625    4.626    4.649    4.762    4.829    4.853    5.021    5.126    5.149    5.162
    5.562    5.571    5.618    5.691    5.934    6.066    6.132    6.152    6.172    6.477
    6.491    6.691    6.745    6.839    6.845    6.850    6.962    6.997    7.018    7.032
    7.154    7.185    7.213    7.316    7.322    7.479    7.547    7.565    7.688    7.710
    7.858    7.917    8.043    8.064    8.176    8.233    8.248    8.377    8.531    8.544
    8.730    8.780    8.841    8.881    8.901    9.041    9.101    9.148   10.106   10.466
   10.564   10.593   11.919   12.314   12.584   12.878   13.131   13.325   13.336   13.652
   14.121   14.229   14.342   14.410   14.596   14.651   14.701   14.748   15.214   15.241
   15.516   15.580   15.687   15.750   15.992   16.011
            0.000000  0.029499  0.000000
  -12.920  -12.886  -12.884  -12.875  -12.871  -12.868  -12.858  -12.843  -12.838  -12.811
  -12.799  -12.771  -12.642  -12.637  -12.626  -12.623  -12.615  -12.614  -12.611  -12.599
  -12.586  -12.580  -12.580  -12.579  -12.576  -12.572  -12.569  -12.560  -12.559  -12.558
  -12.547  -12.536  -12.533  -12.524  -12.522  -12.519  -12.518  -12.517  -12.515  -12.512
   -9.714   -9.370   -9.217   -8.950   -8.248   -8.235   -8.002   -7.881   -7.817   -7.753
   -7.713   -7.653   -7.514   -7.469   -7.461   -7.434   -1.328   -0.867   -0.732   -0.577
    0.189    0.738    0.742    0.849    3.434    3.917    4.012    4.177    4.340    4.432
    4.619    4.622    4.651    4.766    4.835    4.839    5.001    5.147    5.156    5.173
    5.578    5.580    5.614    5.674    5.927    6.050    6.114    6.168    6.184    6.479
    6.483    6.702    6.755    6.828    6.836    6.840    6.974    6.995    7.017    7.034
    7.171    7.180    7.223    7.316    7.344    7.469    7.562    7.579    7.687    7.700
    7.847    7.929    8.031    8.065    8.181    8.222    8.258    8.387    8.525    8.541
    8.721    8.778    8.835    8.884    8.900    9.020    9.101    9.140   10.123   10.470
   10.564   10.589   11.955   12.333   12.574   12.863   13.112   13.326   13.332   13.647
   14.092   14.209   14.334   14.396   14.605   14.651   14.733   14.743   15.221   15.267
   15.520   15.583   15.678   15.741   16.016   16.018
            0.000000  0.031465  0.000000
  -12.912  -12.886  -12.882  -12.874  -12.870  -12.867  -12.858  -12.842  -12.839  -12.810
  -12.797  -12.771  -12.642  -12.637  -12.625  -12.622  -12.615  -12.610  -12.610  -12.597
  -12.584  -12.580  -12.579  -12.578  -12.576  -12.571  -12.567  -12.561  -12.559  -12.557
  -12.550  -12.538  -12.526  -12.524  -12.523  -12.518  -12.516  -12.516  -12.514  -12.513
   -9.707   -9.382   -9.211   -8.959   -8.242   -8.222   -8.012   -7.888   -7.813   -7.744
   -7.705   -7.659   -7.516   -7.466   -7.466   -7.434   -1.317   -0.881   -0.729   -0.582
    0.204    0.722    0.746    0.847    3.447    3.938    3.992    4.177    4.357    4.416
    4.609    4.620    4.653    4.770    4.825    4.841    4.978    5.161    5.165    5.182
    5.586    5.599    5.608    5.658    5.920    6.032    6.095    6.184    6.201    6.475
    6.482    6.713    6.764    6.805    6.827    6.843    6.987    6.993    7.015    7.037
    7.174    7.186    7.237    7.315    7.363    7.459    7.574    7.593    7.686    7.690
    7.838    7.941    8.019    8.066    8.187    8.211    8.266    8.397    8.519    8.538
    8.712    8.776    8.829    8.887    8.898    9.000    9.100    9.134   10.140   10.474
   10.563   10.583   11.992   12.352   12.564   12.848   13.096   13.327   13.329   13.642
   14.063   14.189   14.327   14.384   14.614   14.652   14.721   14.785   15.224   15.295
   15.521   15.590   15.668   15.730   16.020   16.044
            0.000000  0.033432  0.000000
  -12.915  -12.889  -12.886  -12.875  -12.874  -12.870  -12.860  -12.844  -12.842  -12.804
  -12.797  -12.774  -12.642  -12.639  -12.627  -12.621  -12.616  -12.611  -12.610  -12.604
  -12.587  -12.581  -12.579  -12.579  -12.574  -12.571  -12.567  -12.562  -12.558  -12.558
  -12.554  -12.540  -12.528  -12.528  -12.528  -12.518  -12.518  -12.516  -12.515  -12.513
   -9.699   -9.395   -9.205   -8.968   -8.237   -8.208   -8.022   -7.896   -7.810   -7.735
   -7.698   -7.665   -7.520   -7.472   -7.465   -7.434   -1.306   -0.896   -0.726   -0.588
    0.219    0.706    0.749    0.844    3.461    3.959    3.972    4.176    4.375    4.401
    4.597    4.617    4.655    4.773    4.811    4.847    4.955    5.166    5.181    5.188
    5.594    5.601    5.618    5.646    5.911    6.012    6.073    6.195    6.224    6.464
    6.483    6.721    6.769    6.783    6.818    6.846    6.991    6.999    7.012    7.036
    7.167    7.202    7.247    7.312    7.380    7.448    7.584    7.607    7.683    7.683
    7.830    7.951    8.008    8.066    8.196    8.200    8.273    8.407    8.513    8.535
    8.702    8.773    8.821    8.891    8.894    8.981    9.098    9.127   10.156   10.478
   10.562   10.571   12.030   12.370   12.555   12.830   13.082   13.320   13.330   13.637
   14.033   14.168   14.320   14.371   14.622   14.654   14.710   14.828   15.218   15.322
   15.520   15.600   15.657   15.719   16.023   16.069
            0.000000  0.035398  0.000000
  -12.913  -12.890  -12.887  -12.875  -12.873  -12.869  -12.861  -12.845  -12.841  -12.801
  -12.798  -12.775  -12.642  -12.636  -12.625  -12.624  -12.614  -12.611  -12.610  -12.605
  -12.586  -12.582  -12.581  -12.579  -12.571  -12.568  -12.567  -12.562  -12.558  -12.551
  -12.545  -12.540  -12.529  -12.528  -12.527  -12.519  -12.517  -12.516  -12.516  -12.513
   -9.691   -9.408   -9.199   -8.978   -8.232   -8.195   -8.032   -7.904   -7.806   -7.725
   -7.691   -7.671   -7.523   -7.478   -7.463   -7.435   -1.294   -0.912   -0.723   -0.593
    0.235    0.689    0.753    0.841    3.476    3.951    3.983    4.176    4.387    4.390
    4.584    4.613    4.658    4.775    4.798    4.857    4.933    5.171    5.196    5.196
    5.597    5.605    5.635    5.640    5.903    5.992    6.052    6.203    6.251    6.459
    6.484    6.727    6.763    6.774    6.808    6.849    6.989    7.007    7.013    7.037
    7.159    7.220    7.258    7.309    7.395    7.439    7.592    7.622    7.676    7.681
    7.824    7.961    7.998    8.066    8.189    8.207    8.277    8.419    8.508    8.532
    8.693    8.771    8.812    8.888    8.894    8.965    9.098    9.122   10.174   10.483
   10.561   10.561   12.070   12.387   12.547   12.812   13.069   13.312   13.333   13.631
   14.003   14.147   14.313   14.360   14.630   14.660   14.699   14.870   15.204   15.350
   15.519   15.615   15.646   15.709   16.024   16.093
            0.000000  0.037365  0.000000
  -12.914  -12.890  -12.886  -12.875  -12.873  -12.869  -12.867  -12.845  -12.834  -12.801
  -12.801  -12.775  -12.641  -12.637  -12.625  -12.624  -12.613  -12.613  -12.610  -12.604
  -12.587  -12.581  -12.581  -12.577  -12.572  -12.571  -12.568  -12.564  -12.559  -12.556
  -12.546  -12.543  -12.528  -12.528  -12.527  -12.520  -12.517  -12.516  -12.515  -12.514
   -9.682   -9.421   -9.192   -8.987   -8.226   -8.181   -8.042   -7.913   -7.802   -7.716
   -7.683   -7.677   -7.526   -7.483   -7.461   -7.436   -1.282   -0.928   -0.719   -0.599
    0.251    0.671    0.757    0.839    3.491    3.931    4.006    4.176    4.374    4.409
    4.569    4.612    4.661    4.776    4.784    4.865    4.909    5.178    5.197    5.208
    5.593    5.615    5.627    5.664    5.894    5.972    6.031    6.209    6.281    6.456
    6.486    6.732    6.742    6.778    6.798    6.853    6.988    7.003    7.024    7.037
    7.150    7.235    7.269    7.306    7.405    7.432    7.595    7.635    7.674    7.678
    7.820    7.970    7.989    8.066    8.177    8.220    8.280    8.431    8.504    8.528
    8.684    8.768    8.801    8.879    8.897    8.952    9.096    9.117   10.191   10.486
   10.548   10.558   12.110   12.403   12.539   12.794   13.060   13.303   13.336   13.625
   13.976   14.125   14.307   14.349   14.634   14.670   14.691   14.912   15.190   15.379
   15.516   15.633   15.633   15.698   16.023   16.117
            0.000000  0.039331  0.000000
  -12.910  -12.889  -12.888  -12.876  -12.868  -12.867  -12.862  -12.848  -12.833  -12.806
  -12.800  -12.780  -12.637  -12.635  -12.625  -12.619  -12.613  -12.613  -12.605  -12.602
  -12.585  -12.581  -12.580  -12.578  -12.573  -12.569  -12.568  -12.564  -12.564  -12.554
  -12.545  -12.542  -12.528  -12.527  -12.527  -12.519  -12.515  -12.514  -12.513  -12.510
   -9.673   -9.434   -9.184   -8.997   -8.220   -8.167   -8.051   -7.922   -7.797   -7.707
   -7.683   -7.677   -7.529   -7.490   -7.458   -7.436   -1.269   -0.944   -0.715   -0.605
    0.268    0.653    0.761    0.836    3.507    3.910    4.028    4.177    4.362    4.429
    4.554    4.612    4.664    4.771    4.777    4.876    4.884    5.184    5.194    5.219
    5.592    5.621    5.626    5.691    5.885    5.954    6.010    6.211    6.311    6.454
    6.486    6.726    6.738    6.780    6.789    6.857    6.987    6.998    7.036    7.037
    7.139    7.249    7.280    7.305    7.413    7.424    7.605    7.650    7.675    7.678
    7.817    7.981    7.981    8.065    8.167    8.235    8.279    8.444    8.503    8.525
    8.675    8.767    8.789    8.867    8.900    8.942    9.095    9.109   10.209   10.491
   10.540   10.557   12.148   12.418   12.531   12.775   13.054   13.291   13.340   13.618
   13.951   14.104   14.301   14.340   14.636   14.683   14.684   14.956   15.172   15.408
   15.514   15.621   15.655   15.689   16.020   16.126
            0.000000  0.041298  0.000000
  -12.909  -12.889  -12.887  -12.875  -12.864  -12.863  -12.862  -12.848  -12.823  -12.807
  -12.800  -12.783  -12.635  -12.635  -12.620  -12.618  -12.612  -12.612  -12.602  -12.601
  -12.581  -12.579  -12.578  -12.577  -12.573  -12.568  -12.566  -12.564  -12.563  -12.552
  -12.545  -12.542  -12.528  -12.525  -12.524  -12.517  -12.515  -12.513  -12.512  -12.508
   -9.664   -9.447   -9.177   -9.007   -8.213   -8.154   -8.061   -7.931   -7.792   -7.698
   -7.689   -7.670   -7.532   -7.496   -7.456   -7.437   -1.256   -0.961   -0.712   -0.611
    0.285    0.634    0.765    0.833    3.524    3.889    4.052    4.178    4.350    4.449
    4.536    4.613    4.668    4.758    4.776    4.862    4.889    5.190    5.191    5.228
    5.593    5.617    5.638    5.718    5.875    5.935    5.988    6.208    6.345    6.455
    6.488    6.712    6.742    6.781    6.783    6.860    6.985    6.991    7.035    7.050
    7.129    7.258    7.292    7.306    7.417    7.418    7.612    7.661    7.673    7.680
    7.819    7.975    7.988    8.065    8.156    8.252    8.277    8.458    8.502    8.521
    8.665    8.766    8.776    8.853    8.903    8.937    9.094    9.105   10.227   10.495
   10.529   10.555   12.189   12.432   12.524   12.755   13.051   13.280   13.345   13.609
   13.930   14.082   14.297   14.331   14.637   14.679   14.702   14.997   15.150   15.437
   15.509   15.608   15.679   15.680   16.015   16.094
            0.000000  0.043265  0.000000
  -12.911  -12.890  -12.887  -12.876  -12.864  -12.864  -12.864  -12.849  -12.824  -12.814
  -12.799  -12.784  -12.641  -12.636  -12.622  -12.619  -12.618  -12.616  -12.608  -12.604
  -12.583  -12.578  -12.578  -12.578  -12.575  -12.567  -12.566  -12.565  -12.562  -12.556
  -12.553  -12.545  -12.533  -12.530  -12.528  -12.519  -12.518  -12.516  -12.514  -12.511
   -9.655   -9.461   -9.169   -9.017   -8.207   -8.140   -8.071   -7.941   -7.787   -7.696
   -7.689   -7.664   -7.535   -7.503   -7.455   -7.438   -1.242   -0.978   -0.707   -0.617
    0.303    0.615    0.769    0.831    3.541    3.868    4.074    4.178    4.337    4.467
    4.517    4.614    4.671    4.745    4.774    4.837    4.902    5.182    5.195    5.236
    5.595    5.614    5.649    5.746    5.864    5.914    5.965    6.200    6.379    6.454
    6.489    6.700    6.744    6.770    6.784    6.857    6.983    6.984    7.033    7.063
    7.118    7.259    7.302    7.312    7.412    7.419    7.621    7.668    7.669    7.681
    7.821    7.968    7.996    8.063    8.145    8.270    8.270    8.471    8.504    8.516
    8.653    8.760    8.764    8.839    8.906    8.933    9.093    9.099   10.245   10.497
   10.518   10.553   12.229   12.444   12.518   12.734   13.051   13.264   13.350   13.597
   13.912   14.062   14.292   14.323   14.638   14.671   14.719   15.038   15.126   15.464
   15.501   15.592   15.672   15.703   16.009   16.061
            0.000000  0.045231  0.000000
  -12.908  -12.891  -12.886  -12.868  -12.865  -12.864  -12.864  -12.852  -12.823  -12.822
  -12.788  -12.787  -12.642  -12.638  -12.621  -12.621  -12.617  -12.617  -12.614  -12.608
  -12.585  -12.583  -12.579  -12.578  -12.575  -12.566  -12.566  -12.566  -12.560  -12.559
  -12.552  -12.544  -12.543  -12.532  -12.528  -12.524  -12.523  -12.522  -12.519  -12.513
   -9.645   -9.474   -9.161   -9.028   -8.200   -8.126   -8.081   -7.950   -7.782   -7.702
   -7.681   -7.658   -7.538   -7.509   -7.453   -7.438   -1.227   -0.995   -0.703   -0.624
    0.321    0.596    0.773    0.827    3.558    3.847    4.097    4.180    4.327    4.488
    4.497    4.618    4.675    4.731    4.773    4.811    4.916    5.169    5.200    5.240
    5.599    5.613    5.661    5.773    5.854    5.896    5.944    6.185    6.415    6.457
    6.491    6.691    6.746    6.760    6.784    6.853    6.978    6.981    7.033    7.075
    7.107    7.254    7.312    7.322    7.406    7.419    7.627    7.664    7.676    7.685
    7.827    7.963    8.003    8.060    8.137    8.261    8.290    8.485    8.507    8.509
    8.644    8.743    8.764    8.823    8.908    8.930    9.092    9.092   10.263   10.498
   10.505   10.548   12.270   12.453   12.512   12.712   13.054   13.250   13.357   13.583
   13.899   14.040   14.289   14.314   14.638   14.667   14.738   15.078   15.102   15.491
   15.492   15.579   15.667   15.728   16.000   16.026
            0.000000  0.047198  0.000000
  -12.906  -12.892  -12.885  -12.868  -12.865  -12.864  -12.863  -12.852  -12.823  -12.823
  -12.787  -12.787  -12.642  -12.637  -12.621  -12.617  -12.617  -12.616  -12.614  -12.608
  -12.584  -12.584  -12.579  -12.577  -12.575  -12.566  -12.566  -12.561  -12.561  -12.559
  -12.552  -12.544  -12.543  -12.532  -12.528  -12.524  -12.522  -12.520  -12.519  -12.513
   -9.634   -9.488   -9.153   -9.038   -8.192   -8.112   -8.091   -7.961   -7.777   -7.708
   -7.673   -7.653   -7.541   -7.516   -7.451   -7.438   -1.212   -1.013   -0.698   -0.630
    0.340    0.577    0.777    0.824    3.576    3.825    4.120    4.183    4.319    4.477
    4.509    4.621    4.680    4.719    4.768    4.787    4.932    5.156    5.206    5.244
    5.605    5.615    5.674    5.797    5.850    5.881    5.924    6.169    6.452    6.460
    6.492    6.685    6.749    6.751    6.785    6.845    6.973    6.980    7.033    7.089
    7.096    7.247    7.323    7.335    7.401    7.418    7.631    7.661    7.680    7.688
    7.836    7.960    8.009    8.058    8.130    8.250    8.311    8.500    8.503    8.513
    8.635    8.723    8.763    8.810    8.911    8.928    9.089    9.091   10.281   10.491
   10.502   10.546   12.309   12.462   12.507   12.690   13.059   13.234   13.365   13.566
   13.891   14.020   14.287   14.309   14.638   14.663   14.759   15.075   15.118   15.480
   15.515   15.569   15.666   15.754   15.990   15.993
            0.000000  0.049164  0.000000
  -12.909  -12.893  -12.882  -12.870  -12.865  -12.863  -12.863  -12.853  -12.825  -12.823
  -12.788  -12.783  -12.642  -12.638  -12.619  -12.619  -12.615  -12.615  -12.613  -12.609
  -12.586  -12.584  -12.582  -12.578  -12.575  -12.567  -12.565  -12.561  -12.561  -12.558
  -12.551  -12.544  -12.543  -12.531  -12.530  -12.528  -12.523  -12.522  -12.521  -12.515
   -9.623   -9.501   -9.144   -9.048   -8.185   -8.100   -8.098   -7.972   -7.772   -7.714
   -7.665   -7.648   -7.544   -7.522   -7.450   -7.439   -1.197   -1.030   -0.693   -0.636
    0.359    0.557    0.781    0.821    3.595    3.803    4.142    4.186    4.315    4.456
    4.530    4.624    4.685    4.707    4.763    4.763    4.949    5.141    5.211    5.244
    5.612    5.617    5.686    5.806    5.860    5.866    5.905    6.147    6.463    6.490
    6.492    6.682    6.741    6.748    6.785    6.832    6.969    6.978    7.034    7.087
    7.103    7.237    7.331    7.347    7.396    7.416    7.635    7.659    7.683    7.691
    7.848    7.957    8.014    8.055    8.126    8.237    8.333    8.495    8.514    8.519
    8.624    8.702    8.762    8.798    8.913    8.928    9.087    9.089   10.301   10.478
   10.505   10.541   12.348   12.469   12.503   12.666   13.067   13.218   13.374   13.547
   13.888   14.001   14.285   14.303   14.639   14.658   14.780   15.047   15.157   15.464
   15.535   15.563   15.670   15.780   15.958   15.978
            0.000000  0.051131  0.000000
  -12.908  -12.897  -12.883  -12.870  -12.867  -12.862  -12.861  -12.854  -12.826  -12.822
  -12.788  -12.782  -12.643  -12.638  -12.620  -12.620  -12.616  -12.615  -12.612  -12.609
  -12.586  -12.584  -12.582  -12.578  -12.575  -12.568  -12.564  -12.563  -12.559  -12.556
  -12.555  -12.551  -12.543  -12.533  -12.530  -12.529  -12.527  -12.525  -12.521  -12.514
   -9.612   -9.514   -9.135   -9.058   -8.178   -8.109   -8.085   -7.983   -7.767   -7.721
   -7.657   -7.644   -7.546   -7.529   -7.448   -7.440   -1.181   -1.047   -0.688   -0.642
    0.378    0.537    0.785    0.817    3.615    3.782    4.162    4.188    4.313    4.434
    4.552    4.629    4.691    4.696    4.738    4.755    4.966    5.124    5.216    5.245
    5.620    5.620    5.699    5.800    5.854    5.882    5.886    6.125    6.467    6.492
    6.527    6.682    6.732    6.745    6.784    6.817    6.968    6.976    7.035    7.077
    7.117    7.226    7.340    7.358    7.391    7.413    7.637    7.656    7.684    7.691
    7.861    7.953    8.019    8.052    8.125    8.222    8.354    8.486    8.527    8.529
    8.613    8.681    8.761    8.789    8.915    8.926    9.085    9.088   10.321   10.461
   10.508   10.538   12.386   12.474   12.499   12.640   13.077   13.201   13.386   13.527
   13.888   13.982   14.284   14.298   14.639   14.654   14.804   15.019   15.195   15.444
   15.548   15.559   15.681   15.804   15.924   15.965
            0.000000  0.053097  0.000000
  -12.903  -12.896  -12.876  -12.870  -12.859  -12.858  -12.856  -12.852  -12.824  -12.822
  -12.785  -12.781  -12.641  -12.632  -12.617  -12.617  -12.616  -12.613  -12.612  -12.603
  -12.586  -12.583  -12.576  -12.575  -12.573  -12.567  -12.560  -12.558  -12.554  -12.554
  -12.554  -12.553  -12.534  -12.531  -12.529  -12.526  -12.525  -12.524  -12.521  -12.512
   -9.601   -9.527   -9.126   -9.068   -8.170   -8.118   -8.071   -7.995   -7.761   -7.726
   -7.651   -7.641   -7.547   -7.534   -7.447   -7.440   -1.165   -1.065   -0.683   -0.648
    0.397    0.517    0.789    0.814    3.634    3.761    4.177    4.190    4.315    4.414
    4.576    4.635    4.686    4.698    4.715    4.749    4.985    5.105    5.221    5.245
    5.625    5.627    5.714    5.792    5.846    5.871    5.913    6.099    6.472    6.491
    6.565    6.685    6.724    6.740    6.785    6.803    6.969    6.976    7.039    7.069
    7.133    7.215    7.349    7.370    7.386    7.411    7.641    7.654    7.688    7.697
    7.876    7.948    8.025    8.050    8.129    8.206    8.376    8.476    8.536    8.547
    8.601    8.662    8.763    8.782    8.918    8.926    9.084    9.088   10.339   10.446
   10.513   10.534   12.423   12.479   12.497   12.614   13.090   13.184   13.399   13.507
   13.892   13.965   14.284   14.295   14.641   14.652   14.828   14.990   15.232   15.420
   15.555   15.556   15.699   15.829   15.890   15.950
            0.000000  0.055064  0.000000
  -12.902  -12.898  -12.875  -12.871  -12.858  -12.858  -12.855  -12.854  -12.823  -12.822
  -12.781  -12.776  -12.641  -12.635  -12.619  -12.617  -12.617  -12.614  -12.612  -12.605
  -12.586  -12.583  -12.576  -12.575  -12.570  -12.570  -12.559  -12.557  -12.556  -12.555
  -12.553  -12.552  -12.533  -12.531  -12.528  -12.526  -12.525  -12.524  -12.519  -12.519
   -9.589   -9.540   -9.117   -9.078   -8.162   -8.127   -8.057   -8.007   -7.756   -7.732
   -7.646   -7.639   -7.547   -7.539   -7.445   -7.441   -1.149   -1.082   -0.678   -0.654
    0.417    0.497    0.793    0.810    3.654    3.738    4.187    4.192    4.324    4.391
    4.598    4.641    4.674    4.691    4.706    4.741    5.005    5.086    5.226    5.243
    5.629    5.632    5.727    5.780    5.840    5.857    5.945    6.072    6.477    6.489
    6.601    6.688    6.715    6.724    6.784    6.793    6.969    6.975    7.041    7.061
    7.147    7.202    7.357    7.380    7.381    7.406    7.643    7.652    7.690    7.696
    7.890    7.940    8.030    8.047    8.136    8.190    8.397    8.463    8.546    8.564
    8.590    8.641    8.764    8.776    8.919    8.925    9.084    9.086   10.357   10.429
   10.518   10.531   12.459   12.482   12.494   12.585   13.104   13.167   13.414   13.486
   13.899   13.948   14.284   14.291   14.642   14.650   14.853   14.963   15.268   15.393
   15.556   15.559   15.725   15.852   15.855   15.934
            0.000000  0.057030  0.000000
  -12.900  -12.899  -12.875  -12.874  -12.856  -12.856  -12.855  -12.854  -12.821  -12.820
  -12.777  -12.777  -12.639  -12.639  -12.617  -12.617  -12.617  -12.613  -12.607  -12.607
  -12.587  -12.583  -12.575  -12.575  -12.570  -12.567  -12.555  -12.555  -12.554  -12.553
  -12.551  -12.551  -12.530  -12.530  -12.528  -12.528  -12.524  -12.521  -12.514  -12.511
   -9.577   -9.553   -9.108   -9.088   -8.153   -8.136   -8.044   -8.019   -7.750   -7.738
   -7.641   -7.638   -7.547   -7.543   -7.444   -7.442   -1.133   -1.099   -0.672   -0.661
    0.437    0.477    0.798    0.806    3.675    3.717    4.194    4.195    4.336    4.371
    4.620    4.648    4.664    4.669    4.718    4.735    5.026    5.067    5.234    5.241
    5.633    5.635    5.742    5.768    5.840    5.850    5.977    6.041    6.481    6.487
    6.638    6.694    6.700    6.707    6.784    6.786    6.970    6.973    7.045    7.054
    7.160    7.189    7.361    7.374    7.389    7.402    7.646    7.651    7.692    7.695
    7.904    7.929    8.035    8.044    8.147    8.175    8.415    8.450    8.556    8.578
    8.582    8.620    8.765    8.771    8.921    8.924    9.084    9.085   10.378   10.413
   10.524   10.530   12.486   12.491   12.493   12.556   13.120   13.152   13.430   13.466
   13.908   13.933   14.285   14.289   14.643   14.647   14.880   14.934   15.301   15.368
   15.556   15.559   15.757   15.822   15.875   15.916
            0.000000  0.058997  0.000000
  -12.901  -12.901  -12.874  -12.874  -12.853  -12.853  -12.852  -12.852  -12.822  -12.822
  -12.776  -12.776  -12.639  -12.639  -12.617  -12.617  -12.614  -12.614  -12.604  -12.604
  -12.585  -12.585  -12.574  -12.574  -12.567  -12.567  -12.554  -12.554  -12.553  -12.553
  -12.551  -12.551  -12.528  -12.528  -12.527  -12.527  -12.525  -12.525  -12.508  -12.508
   -9.565   -9.565   -9.098   -9.098   -8.145   -8.145   -8.031   -8.031   -7.744   -7.744
   -7.639   -7.639   -7.546   -7.546   -7.443   -7.443   -1.116   -1.116   -0.666   -0.666
    0.457    0.457    0.802    0.802    3.696    3.696    4.196    4.196    4.353    4.353
    4.643    4.643    4.657    4.657    4.728    4.728    5.048    5.048    5.237    5.237
    5.635    5.635    5.755    5.755    5.843    5.843    6.009    6.009    6.486    6.486
    6.671    6.671    6.699    6.699    6.784    6.784    6.972    6.972    7.048    7.048
    7.175    7.175    7.369    7.369    7.397    7.397    7.649    7.649    7.694    7.694
    7.918    7.918    8.040    8.040    8.160    8.160    8.433    8.433    8.567    8.567
    8.600    8.600    8.767    8.767    8.922    8.922    9.085    9.085   10.396   10.396
   10.527   10.527   12.489   12.489   12.526   12.526   13.136   13.136   13.447   13.447
   13.920   13.920   14.287   14.287   14.645   14.645   14.906   14.906   15.337   15.337
   15.558   15.558   15.789   15.789   15.896   15.896
