 &plot nbnd=  94, nks=    61 /
            0.000000  0.139356  0.034921
  -36.951  -36.951  -36.511  -36.511  -36.461  -36.461  -36.197  -36.197  -36.051  -36.051
  -35.908  -35.908  -35.846  -35.846  -35.621  -35.621  -35.465  -35.465  -35.446  -35.446
  -35.368  -35.368  -35.182  -35.182  -35.115  -35.115  -35.077  -35.077  -34.900  -34.900
  -15.182  -15.182  -15.152  -15.152  -15.151  -15.151  -15.120  -15.120  -12.350  -12.350
  -12.318  -12.318  -12.313  -12.313  -12.294  -12.294  -12.293  -12.293  -12.269  -12.269
   -4.395   -4.395   -4.167   -4.167   -4.004   -4.004   -1.419   -1.419   -0.921   -0.921
    4.098    4.098    5.124    5.124    5.273    5.273    5.987    5.987    6.684    6.684
    7.292    7.292    7.522    7.522    7.613    7.613    8.255    8.255   10.252   10.252
   11.376   11.376   11.637   11.637   12.233   12.233   13.186   13.186   13.708   13.708
   14.323   14.323   16.623   16.623
            0.000000  0.130065  0.032593
  -37.003  -37.003  -36.533  -36.533  -36.473  -36.473  -36.283  -36.283  -36.078  -36.078
  -35.957  -35.957  -35.838  -35.838  -35.642  -35.642  -35.584  -35.584  -35.472  -35.472
  -35.337  -35.337  -35.262  -35.262  -35.195  -35.195  -34.990  -34.990  -34.932  -34.932
  -15.185  -15.185  -15.162  -15.162  -15.156  -15.156  -15.115  -15.115  -12.353  -12.353
  -12.327  -12.327  -12.317  -12.317  -12.297  -12.297  -12.288  -12.288  -12.273  -12.273
   -4.423   -4.423   -4.169   -4.169   -4.006   -4.006   -1.399   -1.399   -0.912   -0.912
    4.093    4.093    5.155    5.155    5.314    5.314    5.999    5.999    6.691    6.691
    7.288    7.288    7.526    7.526    7.619    7.619    8.216    8.216   10.281   10.281
   11.405   11.405   11.628   11.628   12.243   12.243   13.176   13.176   13.722   13.722
   14.271   14.271   16.616   16.616
            0.000000  0.120775  0.030265
  -36.761  -36.761  -36.603  -36.603  -36.380  -36.380  -36.302  -36.302  -36.156  -36.156
  -35.910  -35.910  -35.762  -35.762  -35.643  -35.643  -35.581  -35.581  -35.492  -35.492
  -35.352  -35.352  -35.169  -35.169  -35.094  -35.094  -35.055  -35.055  -34.871  -34.871
  -15.177  -15.177  -15.162  -15.162  -15.152  -15.152  -15.114  -15.114  -12.340  -12.340
  -12.327  -12.327  -12.320  -12.320  -12.293  -12.293  -12.287  -12.287  -12.270  -12.270
   -4.497   -4.497   -4.183   -4.183   -4.012   -4.012   -1.343   -1.343   -0.886   -0.886
    4.093    4.093    5.214    5.214    5.454    5.454    6.034    6.034    6.711    6.711
    7.270    7.270    7.538    7.538    7.638    7.638    8.124    8.124   10.347   10.347
   11.481   11.481   11.602   11.602   12.275   12.275   13.147   13.147   13.762   13.762
   14.131   14.131   16.598   16.598
            0.000000  0.111484  0.027937
  -36.723  -36.723  -36.680  -36.680  -36.490  -36.490  -36.287  -36.287  -36.105  -36.105
  -35.997  -35.997  -35.839  -35.839  -35.783  -35.783  -35.660  -35.660  -35.471  -35.471
  -35.417  -35.417  -35.296  -35.296  -35.218  -35.218  -35.081  -35.081  -34.878  -34.878
  -15.182  -15.182  -15.170  -15.170  -15.145  -15.145  -15.132  -15.132  -12.338  -12.338
  -12.332  -12.332  -12.326  -12.326  -12.312  -12.312  -12.287  -12.287  -12.272  -12.272
   -4.598   -4.598   -4.220   -4.220   -4.022   -4.022   -1.258   -1.258   -0.846   -0.846
    4.124    4.124    5.283    5.283    5.674    5.674    6.095    6.095    6.744    6.744
    7.230    7.230    7.555    7.555    7.669    7.669    8.032    8.032   10.414   10.414
   11.517   11.517   11.623   11.623   12.334   12.334   13.095   13.095   13.785   13.785
   13.965   13.965   16.571   16.571
            0.000000  0.102194  0.025609
  -36.601  -36.601  -36.461  -36.461  -36.285  -36.285  -36.158  -36.158  -35.931  -35.931
  -35.853  -35.853  -35.672  -35.672  -35.565  -35.565  -35.432  -35.432  -35.360  -35.360
  -35.310  -35.310  -35.133  -35.133  -34.971  -34.971  -34.901  -34.901  -34.755  -34.755
  -15.167  -15.167  -15.140  -15.140  -15.129  -15.129  -15.114  -15.114  -12.331  -12.331
  -12.314  -12.314  -12.294  -12.294  -12.288  -12.288  -12.281  -12.281  -12.262  -12.262
   -4.715   -4.715   -4.274   -4.274   -4.041   -4.041   -1.157   -1.157   -0.789   -0.789
    4.206    4.206    5.366    5.366    5.920    5.920    6.188    6.188    6.789    6.789
    7.169    7.169    7.579    7.579    7.715    7.715    7.986    7.986   10.462   10.462
   11.438   11.438   11.728   11.728   12.421   12.421   13.023   13.023   13.622   13.622
   13.998   13.998   16.540   16.540
            0.000000  0.092904  0.023281
  -36.455  -36.455  -36.270  -36.270  -36.247  -36.247  -36.144  -36.144  -35.989  -35.989
  -35.870  -35.870  -35.595  -35.595  -35.493  -35.493  -35.366  -35.366  -35.328  -35.328
  -35.293  -35.293  -35.161  -35.161  -35.100  -35.100  -35.029  -35.029  -34.792  -34.792
  -15.158  -15.158  -15.140  -15.140  -15.131  -15.131  -15.115  -15.115  -12.321  -12.321
  -12.314  -12.314  -12.298  -12.298  -12.287  -12.287  -12.278  -12.278  -12.265  -12.265
   -4.838   -4.838   -4.339   -4.339   -4.072   -4.072   -1.055   -1.055   -0.714   -0.714
    4.348    4.348    5.466    5.466    6.122    6.122    6.315    6.315    6.860    6.860
    7.123    7.123    7.610    7.610    7.778    7.778    7.996    7.996   10.481   10.481
   11.310   11.310   11.803   11.803   12.474   12.474   12.965   12.965   13.399   13.399
   14.130   14.130   16.492   16.492
            0.000000  0.083613  0.020953
  -36.515  -36.515  -36.460  -36.460  -36.277  -36.277  -36.218  -36.218  -36.059  -36.059
  -35.955  -35.955  -35.708  -35.708  -35.556  -35.556  -35.523  -35.523  -35.419  -35.419
  -35.337  -35.337  -35.216  -35.216  -35.116  -35.116  -35.073  -35.073  -34.879  -34.879
  -15.165  -15.165  -15.155  -15.155  -15.142  -15.142  -15.120  -15.120  -12.326  -12.326
  -12.323  -12.323  -12.306  -12.306  -12.297  -12.297  -12.285  -12.285  -12.272  -12.272
   -4.963   -4.963   -4.408   -4.408   -4.113   -4.113   -0.969   -0.969   -0.615   -0.615
    4.552    4.552    5.583    5.583    6.258    6.258    6.400    6.400    7.003    7.003
    7.138    7.138    7.648    7.648    7.859    7.859    8.054    8.054   10.469   10.469
   11.134   11.134   11.836   11.836   12.395   12.395   12.978   12.978   13.225   13.225
   14.294   14.294   16.411   16.411
            0.000000  0.074323  0.018625
  -36.516  -36.516  -36.420  -36.420  -36.212  -36.212  -36.118  -36.118  -35.943  -35.943
  -35.836  -35.836  -35.716  -35.716  -35.516  -35.516  -35.422  -35.422  -35.315  -35.315
  -35.259  -35.259  -35.099  -35.099  -35.035  -35.035  -34.951  -34.951  -34.808  -34.808
  -15.153  -15.153  -15.143  -15.143  -15.136  -15.136  -15.115  -15.115  -12.318  -12.318
  -12.309  -12.309  -12.304  -12.304  -12.291  -12.291  -12.278  -12.278  -12.266  -12.266
   -5.083   -5.083   -4.476   -4.476   -4.163   -4.163   -0.904   -0.904   -0.495   -0.495
    4.815    4.815    5.714    5.714    6.314    6.314    6.459    6.459    7.143    7.143
    7.275    7.275    7.696    7.696    7.960    7.960    8.155    8.155   10.426   10.426
   10.910   10.910   11.828   11.828   12.225   12.225   12.951   12.951   13.171   13.171
   14.491   14.491   16.297   16.297
            0.000000  0.065033  0.016297
  -36.378  -36.378  -36.238  -36.238  -36.091  -36.091  -35.880  -35.880  -35.831  -35.831
  -35.685  -35.685  -35.442  -35.442  -35.389  -35.389  -35.282  -35.282  -35.088  -35.088
  -35.017  -35.017  -34.971  -34.971  -34.877  -34.877  -34.818  -34.818  -34.598  -34.598
  -15.147  -15.147  -15.127  -15.127  -15.105  -15.105  -15.086  -15.086  -12.308  -12.308
  -12.305  -12.305  -12.284  -12.284  -12.266  -12.266  -12.258  -12.258  -12.246  -12.246
   -5.196   -5.196   -4.539   -4.539   -4.219   -4.219   -0.856   -0.856   -0.367   -0.367
    5.126    5.126    5.852    5.852    6.296    6.296    6.582    6.582    7.232    7.232
    7.466    7.466    7.749    7.749    8.085    8.085    8.296    8.296   10.348   10.348
   10.655   10.655   11.776   11.776   12.057   12.057   12.839   12.839   13.183   13.183
   14.719   14.719   16.174   16.174
            0.000000  0.055742  0.013968
  -36.415  -36.415  -36.221  -36.221  -36.064  -36.064  -35.987  -35.987  -35.847  -35.847
  -35.583  -35.583  -35.500  -35.500  -35.321  -35.321  -35.274  -35.274  -35.158  -35.158
  -35.095  -35.095  -34.905  -34.905  -34.772  -34.772  -34.730  -34.730  -34.607  -34.607
  -15.150  -15.150  -15.134  -15.134  -15.097  -15.097  -15.081  -15.081  -12.315  -12.315
  -12.303  -12.303  -12.283  -12.283  -12.269  -12.269  -12.254  -12.254  -12.238  -12.238
   -5.299   -5.299   -4.596   -4.596   -4.277   -4.277   -0.820   -0.820   -0.244   -0.244
    5.472    5.472    5.980    5.980    6.315    6.315    6.726    6.726    7.314    7.314
    7.603    7.603    7.801    7.801    8.229    8.229    8.446    8.446   10.225   10.225
   10.416   10.416   11.665   11.665   11.944   11.944   12.727   12.727   13.133   13.133
   14.969   14.969   16.064   16.064
            0.000000  0.046452  0.011640
  -36.291  -36.291  -36.136  -36.136  -36.105  -36.105  -36.050  -36.050  -35.818  -35.818
  -35.652  -35.652  -35.416  -35.416  -35.351  -35.351  -35.259  -35.259  -35.175  -35.175
  -35.088  -35.088  -34.884  -34.884  -34.799  -34.799  -34.724  -34.724  -34.581  -34.581
  -15.146  -15.146  -15.132  -15.132  -15.101  -15.101  -15.078  -15.078  -12.312  -12.312
  -12.296  -12.296  -12.288  -12.288  -12.273  -12.273  -12.252  -12.252  -12.236  -12.236
   -5.389   -5.389   -4.644   -4.644   -4.335   -4.335   -0.790   -0.790   -0.134   -0.134
    5.821    5.821    6.084    6.084    6.430    6.430    6.878    6.878    7.384    7.384
    7.704    7.704    7.839    7.839    8.383    8.383    8.523    8.523   10.047   10.047
   10.270   10.270   11.503   11.503   11.892   11.892   12.630   12.630   13.006   13.006
   15.242   15.242   15.996   15.996
            0.000000  0.037161  0.009312
  -36.348  -36.348  -36.241  -36.241  -36.022  -36.022  -35.909  -35.909  -35.847  -35.847
  -35.634  -35.634  -35.537  -35.537  -35.378  -35.378  -35.134  -35.134  -35.072  -35.072
  -34.997  -34.997  -34.943  -34.943  -34.835  -34.835  -34.770  -34.770  -34.639  -34.639
  -15.145  -15.145  -15.126  -15.126  -15.105  -15.105  -15.078  -15.078  -12.313  -12.313
  -12.293  -12.293  -12.280  -12.280  -12.277  -12.277  -12.252  -12.252  -12.240  -12.240
   -5.464   -5.464   -4.683   -4.683   -4.389   -4.389   -0.764   -0.764   -0.043   -0.043
    6.100    6.100    6.212    6.212    6.652    6.652    7.035    7.035    7.430    7.430
    7.792    7.792    7.856    7.856    8.455    8.455    8.546    8.546    9.837    9.837
   10.238   10.238   11.310   11.310   11.874   11.874   12.547   12.547   12.848   12.848
   15.539   15.539   15.979   15.979
            0.000000  0.027871  0.006984
  -36.309  -36.309  -36.185  -36.185  -36.041  -36.041  -35.965  -35.965  -35.881  -35.881
  -35.785  -35.785  -35.460  -35.460  -35.259  -35.259  -35.158  -35.158  -35.080  -35.080
  -35.004  -35.004  -34.970  -34.970  -34.869  -34.869  -34.726  -34.726  -34.601  -34.601
  -15.156  -15.156  -15.134  -15.134  -15.096  -15.096  -15.067  -15.067  -12.322  -12.322
  -12.306  -12.306  -12.277  -12.277  -12.271  -12.271  -12.243  -12.243  -12.230  -12.230
   -5.524   -5.524   -4.713   -4.713   -4.435   -4.435   -0.743   -0.743    0.026    0.026
    6.241    6.241    6.424    6.424    6.945    6.945    7.200    7.200    7.456    7.456
    7.832    7.832    7.894    7.894    8.270    8.270    8.702    8.702    9.611    9.611
   10.280   10.280   11.106   11.106   11.842   11.842   12.468   12.468   12.756   12.756
   15.821   15.821   16.032   16.032
            0.000000  0.018581  0.004656
  -36.242  -36.242  -36.115  -36.115  -36.077  -36.077  -35.986  -35.986  -35.869  -35.869
  -35.797  -35.797  -35.290  -35.290  -35.215  -35.215  -35.126  -35.126  -35.040  -35.040
  -34.973  -34.973  -34.918  -34.918  -34.830  -34.830  -34.623  -34.623  -34.535  -34.535
  -15.147  -15.147  -15.132  -15.132  -15.090  -15.090  -15.064  -15.064  -12.318  -12.318
  -12.298  -12.298  -12.276  -12.276  -12.266  -12.266  -12.241  -12.241  -12.227  -12.227
   -5.568   -5.568   -4.733   -4.733   -4.471   -4.471   -0.727   -0.727    0.074    0.074
    6.361    6.361    6.609    6.609    7.196    7.196    7.360    7.360    7.509    7.509
    7.798    7.798    7.945    7.945    8.090    8.090    8.834    8.834    9.381    9.381
   10.343   10.343   10.902   10.902   11.757   11.757   12.404   12.404   12.785   12.785
   15.962   15.962   16.252   16.252
            0.000000  0.009290  0.002328
  -36.455  -36.455  -36.377  -36.377  -36.304  -36.304  -36.178  -36.178  -36.120  -36.120
  -35.905  -35.905  -35.360  -35.360  -35.292  -35.292  -35.160  -35.160  -35.122  -35.122
  -35.020  -35.020  -34.935  -34.935  -34.821  -34.821  -34.797  -34.797  -34.648  -34.648
  -15.158  -15.158  -15.141  -15.141  -15.108  -15.108  -15.084  -15.084  -12.341  -12.341
  -12.294  -12.294  -12.282  -12.282  -12.274  -12.274  -12.262  -12.262  -12.241  -12.241
   -5.594   -5.594   -4.744   -4.744   -4.494   -4.494   -0.717   -0.717    0.102    0.102
    6.460    6.460    6.752    6.752    7.342    7.342    7.409    7.409    7.594    7.594
    7.772    7.772    7.855    7.855    8.151    8.151    8.874    8.874    9.213    9.213
   10.402   10.402   10.726   10.726   11.659   11.659   12.368   12.368   12.867   12.867
   16.001   16.001   16.360   16.360
            0.000000  0.000000  0.000000
  -36.351  -36.351  -36.310  -36.310  -36.163  -36.163  -36.147  -36.147  -35.897  -35.897
  -35.894  -35.894  -35.063  -35.063  -35.033  -35.033  -34.977  -34.977  -34.821  -34.821
  -34.802  -34.802  -34.762  -34.762  -34.635  -34.635  -34.527  -34.527  -34.503  -34.503
  -15.143  -15.143  -15.104  -15.104  -15.094  -15.094  -15.064  -15.064  -12.327  -12.327
  -12.274  -12.274  -12.272  -12.272  -12.249  -12.249  -12.247  -12.247  -12.221  -12.221
   -5.603   -5.603   -4.748   -4.748   -4.502   -4.502   -0.714   -0.714    0.111    0.111
    6.500    6.500    6.812    6.812    7.406    7.406    7.430    7.430    7.519    7.519
    7.813    7.813    7.822    7.822    8.236    8.236    8.827    8.827    9.178    9.178
   10.438   10.438   10.643   10.643   11.618   11.618   12.357   12.357   12.910   12.910
   16.006   16.006   16.300   16.300
           -0.008046  0.004645  0.001164
  -36.443  -36.443  -36.357  -36.357  -36.256  -36.256  -36.116  -36.116  -36.044  -36.044
  -35.971  -35.971  -35.362  -35.362  -35.216  -35.216  -35.136  -35.136  -35.021  -35.021
  -34.948  -34.948  -34.848  -34.848  -34.780  -34.780  -34.722  -34.722  -34.583  -34.583
  -15.157  -15.157  -15.125  -15.125  -15.106  -15.106  -15.080  -15.080  -12.339  -12.339
  -12.288  -12.288  -12.276  -12.276  -12.267  -12.267  -12.258  -12.258  -12.236  -12.236
   -5.594   -5.594   -4.742   -4.742   -4.496   -4.496   -0.716   -0.716    0.101    0.101
    6.461    6.461    6.749    6.749    7.333    7.333    7.427    7.427    7.594    7.594
    7.769    7.769    7.854    7.854    8.148    8.148    8.869    8.869    9.218    9.218
   10.403   10.403   10.726   10.726   11.658   11.658   12.369   12.369   12.867   12.867
   16.002   16.002   16.364   16.364
           -0.016091  0.009290  0.002328
  -36.413  -36.413  -36.336  -36.336  -36.104  -36.104  -36.020  -36.020  -35.860  -35.860
  -35.754  -35.754  -35.263  -35.263  -35.232  -35.232  -35.152  -35.152  -35.050  -35.050
  -34.967  -34.967  -34.856  -34.856  -34.767  -34.767  -34.667  -34.667  -34.556  -34.556
  -15.151  -15.151  -15.139  -15.139  -15.089  -15.089  -15.064  -15.064  -12.325  -12.325
  -12.302  -12.302  -12.278  -12.278  -12.264  -12.264  -12.244  -12.244  -12.225  -12.225
   -5.569   -5.569   -4.723   -4.723   -4.480   -4.480   -0.724   -0.724    0.071    0.071
    6.359    6.359    6.593    6.593    7.193    7.193    7.405    7.405    7.543    7.543
    7.799    7.799    7.937    7.937    8.038    8.038    8.793    8.793    9.423    9.423
   10.349   10.349   10.911   10.911   11.754   11.754   12.406   12.406   12.769   12.769
   15.943   15.943   16.285   16.285
           -0.024137  0.013936  0.003492
  -36.293  -36.293  -36.184  -36.184  -36.076  -36.076  -36.003  -36.003  -35.821  -35.821
  -35.750  -35.750  -35.436  -35.436  -35.301  -35.301  -35.208  -35.208  -35.144  -35.144
  -34.981  -34.981  -34.855  -34.855  -34.829  -34.829  -34.670  -34.670  -34.551  -34.551
  -15.151  -15.151  -15.130  -15.130  -15.102  -15.102  -15.063  -15.063  -12.316  -12.316
  -12.309  -12.309  -12.279  -12.279  -12.268  -12.268  -12.244  -12.244  -12.227  -12.227
   -5.527   -5.527   -4.694   -4.694   -4.453   -4.453   -0.737   -0.737    0.022    0.022
    6.219    6.219    6.397    6.397    6.990    6.990    7.217    7.217    7.548    7.548
    7.784    7.784    7.981    7.981    8.126    8.126    8.612    8.612    9.704    9.704
   10.294   10.294   11.141   11.141   11.843   11.843   12.449   12.449   12.705   12.705
   15.737   15.737   16.125   16.125
           -0.032183  0.018581  0.004656
  -36.312  -36.312  -36.176  -36.176  -35.925  -35.925  -35.797  -35.797  -35.720  -35.720
  -35.580  -35.580  -35.373  -35.373  -35.281  -35.281  -35.094  -35.094  -34.972  -34.972
  -34.895  -34.895  -34.790  -34.790  -34.658  -34.658  -34.606  -34.606  -34.393  -34.393
  -15.124  -15.124  -15.111  -15.111  -15.100  -15.100  -15.064  -15.064  -12.297  -12.297
  -12.282  -12.282  -12.271  -12.271  -12.262  -12.262  -12.245  -12.245  -12.229  -12.229
   -5.469   -5.469   -4.653   -4.653   -4.417   -4.417   -0.758   -0.758   -0.046   -0.046
    6.053    6.053    6.190    6.190    6.717    6.717    7.042    7.042    7.510    7.510
    7.739    7.739    8.026    8.026    8.255    8.255    8.437    8.437    9.971    9.971
   10.251   10.251   11.387   11.387   11.875   11.875   12.456   12.456   12.787   12.787
   15.437   15.437   16.087   16.087
           -0.040228  0.023226  0.005820
  -36.237  -36.237  -36.098  -36.098  -36.035  -36.035  -35.917  -35.917  -35.620  -35.620
  -35.535  -35.535  -35.339  -35.339  -35.253  -35.253  -35.144  -35.144  -35.028  -35.028
  -34.992  -34.992  -34.777  -34.777  -34.719  -34.719  -34.596  -34.596  -34.492  -34.492
  -15.130  -15.130  -15.113  -15.113  -15.093  -15.093  -15.073  -15.073  -12.293  -12.293
  -12.288  -12.288  -12.272  -12.272  -12.266  -12.266  -12.247  -12.247  -12.232  -12.232
   -5.395   -5.395   -4.604   -4.604   -4.372   -4.372   -0.787   -0.787   -0.131   -0.131
    5.841    5.841    6.006    6.006    6.443    6.443    6.895    6.895    7.376    7.376
    7.760    7.760    8.006    8.006    8.191    8.191    8.482    8.482   10.082   10.082
   10.338   10.338   11.608   11.608   11.855   11.855   12.494   12.494   12.958   12.958
   15.142   15.142   16.085   16.085
           -0.048274  0.027871  0.006984
  -36.411  -36.411  -36.251  -36.251  -36.148  -36.148  -36.014  -36.014  -35.703  -35.703
  -35.581  -35.581  -35.442  -35.442  -35.368  -35.368  -35.276  -35.276  -35.139  -35.139
  -35.071  -35.071  -34.890  -34.890  -34.718  -34.718  -34.650  -34.650  -34.487  -34.487
  -15.149  -15.149  -15.129  -15.129  -15.095  -15.095  -15.079  -15.079  -12.308  -12.308
  -12.305  -12.305  -12.277  -12.277  -12.272  -12.272  -12.253  -12.253  -12.234  -12.234
   -5.307   -5.307   -4.547   -4.547   -4.320   -4.320   -0.827   -0.827   -0.230   -0.230
    5.573    5.573    5.865    5.865    6.213    6.213    6.760    6.760    7.211    7.211
    7.770    7.770    7.862    7.862    8.162    8.162    8.574    8.574   10.043   10.043
   10.551   10.551   11.709   11.709   11.893   11.893   12.604   12.604   13.142   13.142
   14.873   14.873   16.127   16.127
           -0.056320  0.032516  0.008148
  -36.517  -36.517  -36.190  -36.190  -36.137  -36.137  -36.045  -36.045  -35.867  -35.867
  -35.694  -35.694  -35.558  -35.558  -35.397  -35.397  -35.248  -35.248  -35.140  -35.140
  -35.083  -35.083  -34.975  -34.975  -34.872  -34.872  -34.657  -34.657  -34.496  -34.496
  -15.151  -15.151  -15.134  -15.134  -15.103  -15.103  -15.086  -15.086  -12.319  -12.319
  -12.305  -12.305  -12.282  -12.282  -12.275  -12.275  -12.256  -12.256  -12.241  -12.241
   -5.206   -5.206   -4.485   -4.485   -4.264   -4.264   -0.878   -0.878   -0.339   -0.339
    5.277    5.277    5.755    5.755    6.033    6.033    6.636    6.636    7.044    7.044
    7.609    7.609    7.841    7.841    8.142    8.142    8.623    8.623   10.000   10.000
   10.753   10.753   11.692   11.692   12.007   12.007   12.774   12.774   13.307   13.307
   14.645   14.645   16.214   16.214
           -0.064366  0.037161  0.009312
  -36.408  -36.408  -36.231  -36.231  -36.144  -36.144  -36.083  -36.083  -35.859  -35.859
  -35.653  -35.653  -35.496  -35.496  -35.433  -35.433  -35.306  -35.306  -35.241  -35.241
  -35.134  -35.134  -35.047  -35.047  -34.950  -34.950  -34.724  -34.724  -34.455  -34.455
  -15.151  -15.151  -15.133  -15.133  -15.114  -15.114  -15.085  -15.085  -12.318  -12.318
  -12.306  -12.306  -12.290  -12.290  -12.270  -12.270  -12.260  -12.260  -12.246  -12.246
   -5.095   -5.095   -4.422   -4.422   -4.205   -4.205   -0.942   -0.942   -0.452   -0.452
    4.983    4.983    5.670    5.670    5.898    5.898    6.523    6.523    6.884    6.884
    7.414    7.414    7.844    7.844    8.094    8.094    8.637    8.637    9.973    9.973
   10.929   10.929   11.669   11.669   12.104   12.104   12.965   12.965   13.447   13.447
   14.454   14.454   16.330   16.330
           -0.072411  0.041807  0.010476
  -36.586  -36.586  -36.336  -36.336  -36.148  -36.148  -35.959  -35.959  -35.839  -35.839
  -35.752  -35.752  -35.657  -35.657  -35.449  -35.449  -35.312  -35.312  -35.151  -35.151
  -35.094  -35.094  -35.027  -35.027  -34.972  -34.972  -34.778  -34.778  -34.705  -34.705
  -15.156  -15.156  -15.134  -15.134  -15.121  -15.121  -15.091  -15.091  -12.324  -12.324
  -12.307  -12.307  -12.293  -12.293  -12.275  -12.275  -12.262  -12.262  -12.250  -12.250
   -4.975   -4.975   -4.358   -4.358   -4.148   -4.148   -1.018   -1.018   -0.564   -0.564
    4.707    4.707    5.605    5.605    5.804    5.804    6.423    6.423    6.736    6.736
    7.233    7.233    7.806    7.806    8.032    8.032    8.637    8.637    9.955    9.955
   11.082   11.082   11.655   11.655   12.187   12.187   13.128   13.128   13.570   13.570
   14.306   14.306   16.404   16.404
           -0.080457  0.046452  0.011640
  -36.473  -36.473  -36.317  -36.317  -36.087  -36.087  -35.922  -35.922  -35.832  -35.832
  -35.752  -35.752  -35.537  -35.537  -35.420  -35.420  -35.299  -35.299  -35.139  -35.139
  -35.021  -35.021  -34.936  -34.936  -34.875  -34.875  -34.737  -34.737  -34.623  -34.623
  -15.147  -15.147  -15.124  -15.124  -15.111  -15.111  -15.095  -15.095  -12.318  -12.318
  -12.296  -12.296  -12.285  -12.285  -12.277  -12.277  -12.259  -12.259  -12.246  -12.246
   -4.851   -4.851   -4.298   -4.298   -4.097   -4.097   -1.102   -1.102   -0.670   -0.670
    4.461    4.461    5.554    5.554    5.748    5.748    6.338    6.338    6.605    6.605
    7.076    7.076    7.698    7.698    7.996    7.996    8.639    8.639    9.934    9.934
   11.215   11.215   11.653   11.653   12.262   12.262   13.235   13.235   13.686   13.686
   14.201   14.201   16.334   16.334
           -0.088503  0.051097  0.012804
  -36.564  -36.564  -36.311  -36.311  -36.098  -36.098  -35.998  -35.998  -35.908  -35.908
  -35.807  -35.807  -35.656  -35.656  -35.548  -35.548  -35.241  -35.241  -35.174  -35.174
  -35.117  -35.117  -35.042  -35.042  -34.925  -34.925  -34.791  -34.791  -34.552  -34.552
  -15.158  -15.158  -15.136  -15.136  -15.108  -15.108  -15.099  -15.099  -12.320  -12.320
  -12.305  -12.305  -12.298  -12.298  -12.283  -12.283  -12.256  -12.256  -12.248  -12.248
   -4.726   -4.726   -4.244   -4.244   -4.056   -4.056   -1.187   -1.187   -0.765   -0.765
    4.250    4.250    5.516    5.516    5.724    5.724    6.270    6.270    6.492    6.492
    6.946    6.946    7.543    7.543    7.983    7.983    8.644    8.644    9.907    9.907
   11.316   11.316   11.673   11.673   12.328   12.328   13.283   13.283   13.789   13.789
   14.131   14.131   16.186   16.186
           -0.096548  0.055742  0.013968
  -36.531  -36.531  -36.322  -36.322  -36.205  -36.205  -36.099  -36.099  -35.889  -35.889
  -35.849  -35.849  -35.617  -35.617  -35.483  -35.483  -35.318  -35.318  -35.242  -35.242
  -35.134  -35.134  -34.983  -34.983  -34.906  -34.906  -34.768  -34.768  -34.641  -34.641
  -15.163  -15.163  -15.142  -15.142  -15.109  -15.109  -15.094  -15.094  -12.330  -12.330
  -12.314  -12.314  -12.295  -12.295  -12.283  -12.283  -12.257  -12.257  -12.241  -12.241
   -4.609   -4.609   -4.199   -4.199   -4.030   -4.030   -1.264   -1.264   -0.846   -0.846
    4.082    4.082    5.490    5.490    5.722    5.722    6.218    6.218    6.401    6.401
    6.845    6.845    7.380    7.380    7.979    7.979    8.652    8.652    9.876    9.876
   11.371   11.371   11.725   11.725   12.384   12.384   13.289   13.289   13.864   13.864
   14.085   14.085   16.043   16.043
           -0.104594  0.060387  0.015132
  -36.592  -36.592  -36.316  -36.316  -36.184  -36.184  -36.116  -36.116  -36.005  -36.005
  -35.830  -35.830  -35.752  -35.752  -35.507  -35.507  -35.371  -35.371  -35.345  -35.345
  -35.186  -35.186  -35.108  -35.108  -35.002  -35.002  -34.839  -34.839  -34.763  -34.763
  -15.172  -15.172  -15.152  -15.152  -15.111  -15.111  -15.103  -15.103  -12.338  -12.338
  -12.317  -12.317  -12.305  -12.305  -12.291  -12.291  -12.253  -12.253  -12.250  -12.250
   -4.507   -4.507   -4.164   -4.164   -4.020   -4.020   -1.325   -1.325   -0.910   -0.910
    3.960    3.960    5.475    5.475    5.731    5.731    6.185    6.185    6.336    6.336
    6.776    6.776    7.236    7.236    7.977    7.977    8.660    8.660    9.849    9.849
   11.389   11.389   11.793   11.793   12.429   12.429   13.273   13.273   13.911   13.911
   14.057   14.057   15.934   15.934
           -0.112640  0.065033  0.016297
  -36.492  -36.492  -36.378  -36.378  -36.221  -36.221  -36.100  -36.100  -35.973  -35.973
  -35.825  -35.825  -35.723  -35.723  -35.526  -35.526  -35.448  -35.448  -35.360  -35.360
  -35.239  -35.239  -35.080  -35.080  -34.968  -34.968  -34.752  -34.752  -34.703  -34.703
  -15.171  -15.171  -15.159  -15.159  -15.108  -15.108  -15.096  -15.096  -12.337  -12.337
  -12.324  -12.324  -12.300  -12.300  -12.290  -12.290  -12.252  -12.252  -12.246  -12.246
   -4.434   -4.434   -4.141   -4.141   -4.023   -4.023   -1.363   -1.363   -0.950   -0.950
    3.885    3.885    5.467    5.467    5.739    5.739    6.166    6.166    6.299    6.299
    6.739    6.739    7.135    7.135    7.976    7.976    8.666    8.666    9.830    9.830
   11.391   11.391   11.847   11.847   12.460   12.460   13.252   13.252   13.938   13.938
   14.034   14.034   15.868   15.868
           -0.120685  0.069678  0.017461
  -36.624  -36.624  -36.567  -36.567  -36.264  -36.264  -36.186  -36.186  -36.060  -36.060
  -35.823  -35.823  -35.820  -35.820  -35.682  -35.682  -35.486  -35.486  -35.410  -35.410
  -35.222  -35.222  -35.067  -35.067  -34.925  -34.925  -34.876  -34.876  -34.709  -34.709
  -15.185  -15.185  -15.164  -15.164  -15.111  -15.111  -15.102  -15.102  -12.347  -12.347
  -12.334  -12.334  -12.305  -12.305  -12.291  -12.291  -12.257  -12.257  -12.250  -12.250
   -4.407   -4.407   -4.132   -4.132   -4.028   -4.028   -1.377   -1.377   -0.965   -0.965
    3.860    3.860    5.465    5.465    5.742    5.742    6.160    6.160    6.287    6.287
    6.728    6.728    7.096    7.096    7.976    7.976    8.667    8.667    9.823    9.823
   11.391   11.391   11.866   11.866   12.471   12.471   13.243   13.243   13.948   13.948
   14.031   14.031   15.847   15.847
           -0.112640  0.065033  0.019789
  -36.505  -36.505  -36.362  -36.362  -36.252  -36.252  -36.176  -36.176  -35.978  -35.978
  -35.816  -35.816  -35.702  -35.702  -35.508  -35.508  -35.482  -35.482  -35.372  -35.372
  -35.215  -35.215  -35.135  -35.135  -35.013  -35.013  -34.897  -34.897  -34.742  -34.742
  -15.170  -15.170  -15.158  -15.158  -15.114  -15.114  -15.104  -15.104  -12.341  -12.341
  -12.321  -12.321  -12.296  -12.296  -12.294  -12.294  -12.260  -12.260  -12.252  -12.252
   -4.432   -4.432   -4.145   -4.145   -4.021   -4.021   -1.361   -1.361   -0.954   -0.954
    3.894    3.894    5.468    5.468    5.711    5.711    6.168    6.168    6.282    6.282
    6.736    6.736    7.179    7.179    7.980    7.980    8.672    8.672    9.820    9.820
   11.378   11.378   11.839   11.839   12.433   12.433   13.277   13.277   13.954   13.954
   14.046   14.046   15.855   15.855
           -0.104594  0.060387  0.022117
  -36.602  -36.602  -36.412  -36.412  -36.287  -36.287  -36.168  -36.168  -36.022  -36.022
  -35.922  -35.922  -35.777  -35.777  -35.534  -35.534  -35.491  -35.491  -35.374  -35.374
  -35.295  -35.295  -35.219  -35.219  -35.110  -35.110  -34.911  -34.911  -34.857  -34.857
  -15.174  -15.174  -15.160  -15.160  -15.129  -15.129  -15.108  -15.108  -12.340  -12.340
  -12.322  -12.322  -12.309  -12.309  -12.299  -12.299  -12.271  -12.271  -12.255  -12.255
   -4.501   -4.501   -4.182   -4.182   -4.009   -4.009   -1.315   -1.315   -0.921   -0.921
    3.992    3.992    5.462    5.462    5.649    5.649    6.192    6.192    6.293    6.293
    6.764    6.764    7.377    7.377    7.994    7.994    8.684    8.684    9.808    9.808
   11.331   11.331   11.772   11.772   12.357   12.357   13.339   13.339   13.969   13.969
   14.090   14.090   15.878   15.878
           -0.096548  0.055742  0.024445
  -36.562  -36.562  -36.369  -36.369  -36.172  -36.172  -36.126  -36.126  -35.936  -35.936
  -35.836  -35.836  -35.592  -35.592  -35.488  -35.488  -35.365  -35.365  -35.189  -35.189
  -35.126  -35.126  -35.057  -35.057  -34.987  -34.987  -34.826  -34.826  -34.715  -34.715
  -15.163  -15.163  -15.148  -15.148  -15.107  -15.107  -15.102  -15.102  -12.330  -12.330
  -12.313  -12.313  -12.299  -12.299  -12.286  -12.286  -12.256  -12.256  -12.250  -12.250
   -4.596   -4.596   -4.241   -4.241   -4.001   -4.001   -1.248   -1.248   -0.864   -0.864
    4.149    4.149    5.413    5.413    5.638    5.638    6.232    6.232    6.338    6.338
    6.812    6.812    7.611    7.611    8.024    8.024    8.708    8.708    9.781    9.781
   11.244   11.244   11.708   11.708   12.287   12.287   13.377   13.377   13.971   13.971
   14.161   14.161   15.919   15.919
           -0.088503  0.051097  0.026773
  -36.387  -36.387  -36.136  -36.136  -35.979  -35.979  -35.924  -35.924  -35.829  -35.829
  -35.758  -35.758  -35.517  -35.517  -35.346  -35.346  -35.232  -35.232  -35.161  -35.161
  -35.054  -35.054  -34.947  -34.947  -34.907  -34.907  -34.791  -34.791  -34.603  -34.603
  -15.145  -15.145  -15.122  -15.122  -15.103  -15.103  -15.094  -15.094  -12.313  -12.313
  -12.296  -12.296  -12.281  -12.281  -12.278  -12.278  -12.254  -12.254  -12.243  -12.243
   -4.705   -4.705   -4.317   -4.317   -4.003   -4.003   -1.171   -1.171   -0.784   -0.784
    4.352    4.352    5.353    5.353    5.686    5.686    6.290    6.290    6.415    6.415
    6.879    6.879    7.807    7.807    8.083    8.083    8.750    8.750    9.732    9.732
   11.140   11.140   11.667   11.667   12.231   12.231   13.374   13.374   13.924   13.924
   14.251   14.251   15.980   15.980
           -0.080457  0.046452  0.029101
  -36.463  -36.463  -36.223  -36.223  -36.058  -36.058  -35.969  -35.969  -35.888  -35.888
  -35.769  -35.769  -35.632  -35.632  -35.461  -35.461  -35.354  -35.354  -35.275  -35.275
  -35.139  -35.139  -34.998  -34.998  -34.891  -34.891  -34.825  -34.825  -34.631  -34.631
  -15.161  -15.161  -15.123  -15.123  -15.108  -15.108  -15.105  -15.105  -12.327  -12.327
  -12.302  -12.302  -12.285  -12.285  -12.276  -12.276  -12.263  -12.263  -12.254  -12.254
   -4.820   -4.820   -4.408   -4.408   -4.014   -4.014   -1.096   -1.096   -0.682   -0.682
    4.578    4.578    5.344    5.344    5.765    5.765    6.367    6.367    6.516    6.516
    6.966    6.966    7.914    7.914    8.169    8.169    8.809    8.809    9.666    9.666
   11.065   11.065   11.634   11.634   12.186   12.186   13.327   13.327   13.800   13.800
   14.367   14.367   16.057   16.057
           -0.072411  0.041807  0.031429
  -36.359  -36.359  -36.259  -36.259  -36.173  -36.173  -35.897  -35.897  -35.820  -35.820
  -35.644  -35.644  -35.516  -35.516  -35.384  -35.384  -35.293  -35.293  -35.244  -35.244
  -35.067  -35.067  -34.950  -34.950  -34.858  -34.858  -34.760  -34.760  -34.462  -34.462
  -15.149  -15.149  -15.121  -15.121  -15.111  -15.111  -15.088  -15.088  -12.318  -12.318
  -12.295  -12.295  -12.284  -12.284  -12.272  -12.272  -12.260  -12.260  -12.244  -12.244
   -4.935   -4.935   -4.506   -4.506   -4.033   -4.033   -1.033   -1.033   -0.559   -0.559
    4.799    4.799    5.427    5.427    5.864    5.864    6.462    6.462    6.639    6.639
    7.074    7.074    7.964    7.964    8.217    8.217    8.869    8.869    9.617    9.617
   11.040   11.040   11.594   11.594   12.157   12.157   13.230   13.230   13.612   13.612
   14.511   14.511   16.150   16.150
           -0.064366  0.037161  0.033757
  -36.483  -36.483  -36.311  -36.311  -36.273  -36.273  -36.157  -36.157  -35.869  -35.869
  -35.796  -35.796  -35.599  -35.599  -35.447  -35.447  -35.348  -35.348  -35.262  -35.262
  -35.086  -35.086  -35.058  -35.058  -34.949  -34.949  -34.776  -34.776  -34.550  -34.550
  -15.153  -15.153  -15.135  -15.135  -15.127  -15.127  -15.094  -15.094  -12.317  -12.317
  -12.307  -12.307  -12.292  -12.292  -12.287  -12.287  -12.270  -12.270  -12.250  -12.250
   -5.045   -5.045   -4.607   -4.607   -4.056   -4.056   -0.986   -0.986   -0.425   -0.425
    4.997    4.997    5.609    5.609    5.982    5.982    6.573    6.573    6.777    6.777
    7.208    7.208    7.988    7.988    8.192    8.192    8.893    8.893    9.613    9.613
   11.038   11.038   11.540   11.540   12.147   12.147   13.052   13.052   13.415   13.415
   14.676   14.676   16.249   16.249
           -0.056320  0.032516  0.036085
  -36.470  -36.470  -36.351  -36.351  -36.261  -36.261  -36.126  -36.126  -35.860  -35.860
  -35.798  -35.798  -35.588  -35.588  -35.440  -35.440  -35.375  -35.375  -35.182  -35.182
  -35.005  -35.005  -34.897  -34.897  -34.841  -34.841  -34.774  -34.774  -34.524  -34.524
  -15.157  -15.157  -15.143  -15.143  -15.108  -15.108  -15.086  -15.086  -12.324  -12.324
  -12.302  -12.302  -12.291  -12.291  -12.279  -12.279  -12.262  -12.262  -12.245  -12.245
   -5.146   -5.146   -4.707   -4.707   -4.082   -4.082   -0.954   -0.954   -0.285   -0.285
    5.195    5.195    5.838    5.838    6.126    6.126    6.701    6.701    6.924    6.924
    7.375    7.375    7.986    7.986    8.123    8.123    8.882    8.882    9.644    9.644
   11.000   11.000   11.491   11.491   12.149   12.149   12.802   12.802   13.256   13.256
   14.875   14.875   16.355   16.355
           -0.048274  0.027871  0.038413
  -36.523  -36.523  -36.435  -36.435  -36.319  -36.319  -36.179  -36.179  -35.946  -35.946
  -35.850  -35.850  -35.611  -35.611  -35.505  -35.505  -35.414  -35.414  -35.361  -35.361
  -35.158  -35.158  -35.100  -35.100  -34.943  -34.943  -34.812  -34.812  -34.649  -34.649
  -15.165  -15.165  -15.151  -15.151  -15.116  -15.116  -15.102  -15.102  -12.328  -12.328
  -12.307  -12.307  -12.303  -12.303  -12.282  -12.282  -12.277  -12.277  -12.256  -12.256
   -5.238   -5.238   -4.802   -4.802   -4.108   -4.108   -0.937   -0.937   -0.147   -0.147
    5.422    5.422    6.032    6.032    6.316    6.316    6.841    6.841    7.067    7.067
    7.567    7.567    7.941    7.941    8.078    8.078    8.852    8.852    9.674    9.674
   10.870   10.870   11.459   11.459   12.106   12.106   12.595   12.595   13.117   13.117
   15.098   15.098   16.459   16.459
           -0.040228  0.023226  0.040741
  -36.593  -36.593  -36.405  -36.405  -36.293  -36.293  -36.077  -36.077  -35.875  -35.875
  -35.762  -35.762  -35.618  -35.618  -35.544  -35.544  -35.447  -35.447  -35.297  -35.297
  -35.201  -35.201  -35.060  -35.060  -34.950  -34.950  -34.833  -34.833  -34.538  -34.538
  -15.176  -15.176  -15.141  -15.141  -15.110  -15.110  -15.097  -15.097  -12.337  -12.337
  -12.305  -12.305  -12.296  -12.296  -12.281  -12.281  -12.268  -12.268  -12.252  -12.252
   -5.317   -5.317   -4.887   -4.887   -4.133   -4.133   -0.931   -0.931   -0.019   -0.019
    5.693    5.693    6.163    6.163    6.537    6.537    6.987    6.987    7.199    7.199
    7.671    7.671    7.997    7.997    8.065    8.065    8.806    8.806    9.688    9.688
   10.647   10.647   11.418   11.418   11.950   11.950   12.553   12.553   12.981   12.981
   15.345   15.345   16.526   16.526
           -0.032183  0.018581  0.043069
  -36.515  -36.515  -36.297  -36.297  -36.132  -36.132  -35.905  -35.905  -35.722  -35.722
  -35.608  -35.608  -35.542  -35.542  -35.417  -35.417  -35.264  -35.264  -35.157  -35.157
  -35.036  -35.036  -34.894  -34.894  -34.746  -34.746  -34.661  -34.661  -34.600  -34.600
  -15.146  -15.146  -15.120  -15.120  -15.102  -15.102  -15.090  -15.090  -12.306  -12.306
  -12.293  -12.293  -12.281  -12.281  -12.276  -12.276  -12.253  -12.253  -12.249  -12.249
   -5.383   -5.383   -4.960   -4.960   -4.155   -4.155   -0.933   -0.933    0.096    0.096
    5.999    5.999    6.251    6.251    6.747    6.747    7.124    7.124    7.320    7.320
    7.641    7.641    8.034    8.034    8.250    8.250    8.743    8.743    9.681    9.681
   10.375   10.375   11.337   11.337   11.783   11.783   12.590   12.590   12.840   12.840
   15.622   15.622   16.428   16.428
           -0.024137  0.013936  0.045397
  -36.402  -36.402  -36.245  -36.245  -36.117  -36.117  -36.013  -36.013  -35.946  -35.946
  -35.788  -35.788  -35.512  -35.512  -35.360  -35.360  -35.317  -35.317  -35.139  -35.139
  -35.010  -35.010  -34.953  -34.953  -34.782  -34.782  -34.712  -34.712  -34.676  -34.676
  -15.139  -15.139  -15.123  -15.123  -15.114  -15.114  -15.098  -15.098  -12.305  -12.305
  -12.293  -12.293  -12.283  -12.283  -12.275  -12.275  -12.269  -12.269  -12.252  -12.252
   -5.435   -5.435   -5.020   -5.020   -4.173   -4.173   -0.940   -0.940    0.192    0.192
    6.235    6.235    6.404    6.404    6.920    6.920    7.243    7.243    7.427    7.427
    7.641    7.641    7.997    7.997    8.447    8.447    8.695    8.695    9.629    9.629
   10.152   10.152   11.215   11.215   11.693   11.693   12.581   12.581   12.720   12.720
   15.878   15.878   16.328   16.328
           -0.016091  0.009290  0.047725
  -36.393  -36.393  -36.165  -36.165  -36.071  -36.071  -36.025  -36.025  -35.949  -35.949
  -35.918  -35.918  -35.498  -35.498  -35.397  -35.397  -35.344  -35.344  -35.261  -35.261
  -35.044  -35.044  -34.884  -34.884  -34.770  -34.770  -34.736  -34.736  -34.653  -34.653
  -15.135  -15.135  -15.122  -15.122  -15.116  -15.116  -15.106  -15.106  -12.298  -12.298
  -12.292  -12.292  -12.285  -12.285  -12.276  -12.276  -12.271  -12.271  -12.261  -12.261
   -5.472   -5.472   -5.064   -5.064   -4.186   -4.186   -0.947   -0.947    0.265    0.265
    6.271    6.271    6.740    6.740    7.034    7.034    7.361    7.361    7.493    7.493
    7.714    7.714    7.949    7.949    8.402    8.402    8.714    8.714    9.537    9.537
   10.096   10.096   11.080   11.080   11.688   11.688   12.426   12.426   12.693   12.693
   16.008   16.008   16.384   16.384
           -0.008046  0.004645  0.050054
  -36.208  -36.208  -36.045  -36.045  -35.935  -35.935  -35.827  -35.827  -35.747  -35.747
  -35.667  -35.667  -35.317  -35.317  -35.271  -35.271  -35.138  -35.138  -35.047  -35.047
  -34.858  -34.858  -34.710  -34.710  -34.630  -34.630  -34.500  -34.500  -34.452  -34.452
  -15.113  -15.113  -15.104  -15.104  -15.091  -15.091  -15.084  -15.084  -12.276  -12.276
  -12.275  -12.275  -12.267  -12.267  -12.264  -12.264  -12.251  -12.251  -12.245  -12.245
   -5.495   -5.495   -5.090   -5.090   -4.194   -4.194   -0.953   -0.953    0.310    0.310
    6.273    6.273    7.044    7.044    7.104    7.104    7.480    7.480    7.516    7.516
    7.800    7.800    7.924    7.924    8.236    8.236    8.638    8.638    9.507    9.507
   10.160   10.160   10.966   10.966   11.752   11.752   12.227   12.227   12.688   12.688
   15.997   15.997   16.622   16.622
            0.000000  0.000000  0.052382
  -36.241  -36.241  -36.028  -36.028  -35.897  -35.897  -35.751  -35.751  -35.684  -35.684
  -35.664  -35.664  -35.461  -35.461  -35.163  -35.163  -35.122  -35.122  -35.046  -35.046
  -34.844  -34.844  -34.811  -34.811  -34.563  -34.563  -34.472  -34.472  -34.470  -34.470
  -15.109  -15.109  -15.102  -15.102  -15.090  -15.090  -15.086  -15.086  -12.280  -12.280
  -12.274  -12.274  -12.264  -12.264  -12.264  -12.264  -12.251  -12.251  -12.240  -12.240
   -5.502   -5.502   -5.099   -5.099   -4.197   -4.197   -0.955   -0.955    0.325    0.325
    6.271    6.271    7.093    7.093    7.225    7.225    7.493    7.493    7.555    7.555
    7.839    7.839    7.940    7.940    8.113    8.113    8.575    8.575    9.510    9.510
   10.207   10.207   10.917   10.917   11.817   11.817   12.108   12.108   12.686   12.686
   15.982   15.982   16.802   16.802
            0.000000  0.000000  0.048890
  -36.199  -36.199  -36.027  -36.027  -35.876  -35.876  -35.750  -35.750  -35.682  -35.682
  -35.664  -35.664  -35.371  -35.371  -35.145  -35.145  -35.117  -35.117  -35.045  -35.045
  -34.843  -34.843  -34.810  -34.810  -34.562  -34.562  -34.471  -34.471  -34.469  -34.469
  -15.109  -15.109  -15.102  -15.102  -15.086  -15.086  -15.085  -15.085  -12.280  -12.280
  -12.273  -12.273  -12.264  -12.264  -12.257  -12.257  -12.251  -12.251  -12.240  -12.240
   -5.504   -5.504   -5.096   -5.096   -4.199   -4.199   -0.953   -0.953    0.323    0.323
    6.273    6.273    7.091    7.091    7.224    7.224    7.493    7.493    7.559    7.559
    7.835    7.835    7.938    7.938    8.115    8.115    8.578    8.578    9.506    9.506
   10.211   10.211   10.913   10.913   11.814   11.814   12.112   12.112   12.689   12.689
   15.985   15.985   16.723   16.723
            0.000000  0.000000  0.045397
  -36.227  -36.227  -36.168  -36.168  -36.055  -36.055  -35.839  -35.839  -35.773  -35.773
  -35.708  -35.708  -35.470  -35.470  -35.353  -35.353  -35.150  -35.150  -35.138  -35.138
  -34.904  -34.904  -34.871  -34.871  -34.667  -34.667  -34.654  -34.654  -34.557  -34.557
  -15.125  -15.125  -15.114  -15.114  -15.103  -15.103  -15.087  -15.087  -12.291  -12.291
  -12.283  -12.283  -12.271  -12.271  -12.270  -12.270  -12.257  -12.257  -12.252  -12.252
   -5.508   -5.508   -5.086   -5.086   -4.206   -4.206   -0.946   -0.946    0.317    0.317
    6.278    6.278    7.085    7.085    7.221    7.221    7.494    7.494    7.569    7.569
    7.824    7.824    7.931    7.931    8.121    8.121    8.587    8.587    9.493    9.493
   10.220   10.220   10.903   10.903   11.806   11.806   12.120   12.120   12.696   12.696
   15.984   15.984   16.638   16.638
            0.000000  0.000000  0.041905
  -36.485  -36.485  -36.222  -36.222  -36.206  -36.206  -35.898  -35.898  -35.792  -35.792
  -35.772  -35.772  -35.470  -35.470  -35.468  -35.468  -35.277  -35.277  -35.172  -35.172
  -34.969  -34.969  -34.900  -34.900  -34.699  -34.699  -34.659  -34.659  -34.612  -34.612
  -15.126  -15.126  -15.123  -15.123  -15.122  -15.122  -15.091  -15.091  -12.293  -12.293
  -12.285  -12.285  -12.281  -12.281  -12.280  -12.280  -12.270  -12.270  -12.254  -12.254
   -5.516   -5.516   -5.071   -5.071   -4.217   -4.217   -0.935   -0.935    0.308    0.308
    6.287    6.287    7.074    7.074    7.219    7.219    7.495    7.495    7.586    7.586
    7.808    7.808    7.922    7.922    8.130    8.130    8.602    8.602    9.474    9.474
   10.235   10.235   10.888   10.888   11.794   11.794   12.135   12.135   12.710   12.710
   15.981   15.981   16.563   16.563
            0.000000  0.000000  0.038413
  -36.285  -36.285  -36.112  -36.112  -36.015  -36.015  -35.834  -35.834  -35.661  -35.661
  -35.548  -35.548  -35.405  -35.405  -35.216  -35.216  -35.126  -35.126  -34.869  -34.869
  -34.792  -34.792  -34.748  -34.748  -34.588  -34.588  -34.415  -34.415  -34.380  -34.380
  -15.118  -15.118  -15.094  -15.094  -15.090  -15.090  -15.076  -15.076  -12.280  -12.280
  -12.275  -12.275  -12.266  -12.266  -12.254  -12.254  -12.252  -12.252  -12.235  -12.235
   -5.524   -5.524   -5.051   -5.051   -4.232   -4.232   -0.920   -0.920    0.295    0.295
    6.299    6.299    7.059    7.059    7.220    7.220    7.497    7.497    7.607    7.607
    7.788    7.788    7.912    7.912    8.142    8.142    8.621    8.621    9.449    9.449
   10.255   10.255   10.869   10.869   11.781   11.781   12.155   12.155   12.728   12.728
   15.989   15.989   16.499   16.499
            0.000000  0.000000  0.034921
  -36.143  -36.143  -36.048  -36.048  -35.872  -35.872  -35.754  -35.754  -35.639  -35.639
  -35.531  -35.531  -35.391  -35.391  -35.103  -35.103  -35.010  -35.010  -34.751  -34.751
  -34.743  -34.743  -34.668  -34.668  -34.583  -34.583  -34.380  -34.380  -34.346  -34.346
  -15.107  -15.107  -15.093  -15.093  -15.075  -15.075  -15.072  -15.072  -12.269  -12.269
  -12.268  -12.268  -12.265  -12.265  -12.245  -12.245  -12.241  -12.241  -12.235  -12.235
   -5.535   -5.535   -5.027   -5.027   -4.251   -4.251   -0.902   -0.902    0.279    0.279
    6.315    6.315    7.039    7.039    7.224    7.224    7.499    7.499    7.631    7.631
    7.763    7.763    7.899    7.899    8.155    8.155    8.643    8.643    9.420    9.420
   10.277   10.277   10.845   10.845   11.763   11.763   12.178   12.178   12.749   12.749
   15.990   15.990   16.439   16.439
            0.000000  0.000000  0.031429
  -36.313  -36.313  -36.240  -36.240  -36.045  -36.045  -35.803  -35.803  -35.720  -35.720
  -35.627  -35.627  -35.507  -35.507  -35.236  -35.236  -35.162  -35.162  -34.884  -34.884
  -34.817  -34.817  -34.696  -34.696  -34.641  -34.641  -34.438  -34.438  -34.373  -34.373
  -15.131  -15.131  -15.104  -15.104  -15.081  -15.081  -15.079  -15.079  -12.290  -12.290
  -12.287  -12.287  -12.270  -12.270  -12.249  -12.249  -12.248  -12.248  -12.239  -12.239
   -5.545   -5.545   -4.999   -4.999   -4.274   -4.274   -0.881   -0.881    0.261    0.261
    6.333    6.333    7.014    7.014    7.230    7.230    7.501    7.501    7.653    7.653
    7.737    7.737    7.886    7.886    8.167    8.167    8.666    8.666    9.388    9.388
   10.301   10.301   10.817   10.817   11.743   11.743   12.202   12.202   12.771   12.771
   15.989   15.989   16.384   16.384
            0.000000  0.000000  0.027937
  -36.467  -36.467  -36.130  -36.130  -36.109  -36.109  -35.780  -35.780  -35.738  -35.738
  -35.658  -35.658  -35.613  -35.613  -35.167  -35.167  -35.133  -35.133  -34.951  -34.951
  -34.894  -34.894  -34.821  -34.821  -34.596  -34.596  -34.581  -34.581  -34.391  -34.391
  -15.145  -15.145  -15.109  -15.109  -15.082  -15.082  -15.076  -15.076  -12.298  -12.298
  -12.297  -12.297  -12.269  -12.269  -12.250  -12.250  -12.246  -12.246  -12.241  -12.241
   -5.556   -5.556   -4.968   -4.968   -4.299   -4.299   -0.857   -0.857    0.240    0.240
    6.353    6.353    6.987    6.987    7.241    7.241    7.503    7.503    7.665    7.665
    7.720    7.720    7.873    7.873    8.180    8.180    8.691    8.691    9.355    9.355
   10.324   10.324   10.789   10.789   11.722   11.722   12.227   12.227   12.794   12.794
   15.985   15.985   16.339   16.339
            0.000000  0.000000  0.024445
  -36.479  -36.479  -36.153  -36.153  -36.145  -36.145  -35.921  -35.921  -35.771  -35.771
  -35.751  -35.751  -35.640  -35.640  -35.230  -35.230  -35.222  -35.222  -35.030  -35.030
  -34.956  -34.956  -34.940  -34.940  -34.679  -34.679  -34.618  -34.618  -34.514  -34.514
  -15.146  -15.146  -15.109  -15.109  -15.099  -15.099  -15.090  -15.090  -12.300  -12.300
  -12.298  -12.298  -12.276  -12.276  -12.264  -12.264  -12.254  -12.254  -12.250  -12.250
   -5.566   -5.566   -4.936   -4.936   -4.328   -4.328   -0.832   -0.832    0.218    0.218
    6.375    6.375    6.959    6.959    7.254    7.254    7.506    7.506    7.649    7.649
    7.727    7.727    7.860    7.860    8.192    8.192    8.717    8.717    9.321    9.321
   10.348   10.348   10.760   10.760   11.700   11.700   12.253   12.253   12.817   12.817
   15.988   15.988   16.304   16.304
            0.000000  0.000000  0.020953
  -36.421  -36.421  -36.039  -36.039  -35.998  -35.998  -35.910  -35.910  -35.702  -35.702
  -35.651  -35.651  -35.596  -35.596  -35.202  -35.202  -35.092  -35.092  -34.995  -34.995
  -34.922  -34.922  -34.751  -34.751  -34.649  -34.649  -34.597  -34.597  -34.489  -34.489
  -15.145  -15.145  -15.106  -15.106  -15.093  -15.093  -15.067  -15.067  -12.299  -12.299
  -12.295  -12.295  -12.273  -12.273  -12.263  -12.263  -12.236  -12.236  -12.235  -12.235
   -5.575   -5.575   -4.902   -4.902   -4.358   -4.358   -0.807   -0.807    0.196    0.196
    6.398    6.398    6.930    6.930    7.270    7.270    7.509    7.509    7.619    7.619
    7.747    7.747    7.849    7.849    8.203    8.203    8.741    8.741    9.288    9.288
   10.369   10.369   10.733   10.733   11.681   11.681   12.277   12.277   12.839   12.839
   15.995   15.995   16.279   16.279
            0.000000  0.000000  0.017461
  -36.413  -36.413  -36.036  -36.036  -36.002  -36.002  -35.906  -35.906  -35.702  -35.702
  -35.647  -35.647  -35.591  -35.591  -35.199  -35.199  -35.093  -35.093  -34.992  -34.992
  -34.920  -34.920  -34.756  -34.756  -34.641  -34.641  -34.592  -34.592  -34.489  -34.489
  -15.144  -15.144  -15.105  -15.105  -15.093  -15.093  -15.068  -15.068  -12.298  -12.298
  -12.294  -12.294  -12.273  -12.273  -12.263  -12.263  -12.237  -12.237  -12.234  -12.234
   -5.583   -5.583   -4.867   -4.867   -4.389   -4.389   -0.783   -0.783    0.174    0.174
    6.422    6.422    6.901    6.901    7.289    7.289    7.511    7.511    7.586    7.586
    7.767    7.767    7.839    7.839    8.213    8.213    8.765    8.765    9.258    9.258
   10.389   10.389   10.709   10.709   11.665   11.665   12.299   12.299   12.859   12.859
   15.998   15.998   16.265   16.265
            0.000000  0.000000  0.013968
  -36.421  -36.421  -36.286  -36.286  -36.162  -36.162  -35.939  -35.939  -35.850  -35.850
  -35.692  -35.692  -35.324  -35.324  -35.260  -35.260  -35.168  -35.168  -35.055  -35.055
  -34.962  -34.962  -34.866  -34.866  -34.799  -34.799  -34.650  -34.650  -34.504  -34.504
  -15.134  -15.134  -15.126  -15.126  -15.097  -15.097  -15.084  -15.084  -12.307  -12.307
  -12.288  -12.288  -12.276  -12.276  -12.262  -12.262  -12.256  -12.256  -12.245  -12.245
   -5.590   -5.590   -4.834   -4.834   -4.420   -4.420   -0.760   -0.760    0.154    0.154
    6.445    6.445    6.874    6.874    7.310    7.310    7.514    7.514    7.551    7.551
    7.785    7.785    7.829    7.829    8.221    8.221    8.785    8.785    9.232    9.232
   10.406   10.406   10.687   10.687   11.650   11.650   12.320   12.320   12.876   12.876
   15.998   15.998   16.265   16.265
            0.000000  0.000000  0.010476
  -36.547  -36.547  -36.396  -36.396  -36.214  -36.214  -36.010  -36.010  -35.964  -35.964
  -35.927  -35.927  -35.382  -35.382  -35.316  -35.316  -35.244  -35.244  -35.168  -35.168
  -35.107  -35.107  -34.925  -34.925  -34.886  -34.886  -34.834  -34.834  -34.563  -34.563
  -15.161  -15.161  -15.136  -15.136  -15.103  -15.103  -15.090  -15.090  -12.330  -12.330
  -12.295  -12.295  -12.291  -12.291  -12.267  -12.267  -12.262  -12.262  -12.249  -12.249
   -5.596   -5.596   -4.802   -4.802   -4.450   -4.450   -0.741   -0.741    0.136    0.136
    6.467    6.467    6.850    6.850    7.334    7.334    7.516    7.516    7.517    7.517
    7.801    7.801    7.822    7.822    8.227    8.227    8.802    8.802    9.209    9.209
   10.419   10.419   10.668   10.668   11.636   11.636   12.335   12.335   12.890   12.890
   15.997   15.997   16.272   16.272
            0.000000  0.000000  0.006984
  -36.551  -36.551  -36.418  -36.418  -36.399  -36.399  -36.210  -36.210  -36.128  -36.128
  -35.945  -35.945  -35.542  -35.542  -35.354  -35.354  -35.316  -35.316  -35.267  -35.267
  -35.128  -35.128  -34.935  -34.935  -34.929  -34.929  -34.874  -34.874  -34.561  -34.561
  -15.180  -15.180  -15.142  -15.142  -15.108  -15.108  -15.093  -15.093  -12.348  -12.348
  -12.308  -12.308  -12.291  -12.291  -12.271  -12.271  -12.266  -12.266  -12.250  -12.250
   -5.600   -5.600   -4.775   -4.775   -4.476   -4.476   -0.726   -0.726    0.123    0.123
    6.484    6.484    6.830    6.830    7.359    7.359    7.483    7.483    7.517    7.517
    7.812    7.812    7.817    7.817    8.232    8.232    8.815    8.815    9.192    9.192
   10.429   10.429   10.653   10.653   11.625   11.625   12.347   12.347   12.901   12.901
   15.996   15.996   16.284   16.284
            0.000000  0.000000  0.003492
  -36.475  -36.475  -36.369  -36.369  -36.287  -36.287  -36.206  -36.206  -36.180  -36.180
  -36.079  -36.079  -35.513  -35.513  -35.256  -35.256  -35.084  -35.084  -35.032  -35.032
  -34.993  -34.993  -34.991  -34.991  -34.812  -34.812  -34.626  -34.626  -34.592  -34.592
  -15.151  -15.151  -15.131  -15.131  -15.106  -15.106  -15.100  -15.100  -12.337  -12.337
  -12.294  -12.294  -12.277  -12.277  -12.277  -12.277  -12.257  -12.257  -12.248  -12.248
   -5.602   -5.602   -4.755   -4.755   -4.495   -4.495   -0.717   -0.717    0.114    0.114
    6.496    6.496    6.817    6.817    7.386    7.386    7.452    7.452    7.518    7.518
    7.814    7.814    7.820    7.820    8.235    8.235    8.824    8.824    9.181    9.181
   10.435   10.435   10.645   10.645   11.618   11.618   12.354   12.354   12.907   12.907
   16.001   16.001   16.296   16.296
            0.000000  0.000000  0.000000
  -36.351  -36.351  -36.310  -36.310  -36.163  -36.163  -36.147  -36.147  -35.897  -35.897
  -35.894  -35.894  -35.063  -35.063  -35.033  -35.033  -34.977  -34.977  -34.821  -34.821
  -34.802  -34.802  -34.762  -34.762  -34.635  -34.635  -34.527  -34.527  -34.503  -34.503
  -15.143  -15.143  -15.104  -15.104  -15.094  -15.094  -15.064  -15.064  -12.327  -12.327
  -12.274  -12.274  -12.272  -12.272  -12.249  -12.249  -12.247  -12.247  -12.221  -12.221
   -5.603   -5.603   -4.748   -4.748   -4.502   -4.502   -0.714   -0.714    0.111    0.111
    6.500    6.500    6.812    6.812    7.406    7.406    7.430    7.430    7.519    7.519
    7.813    7.813    7.822    7.822    8.236    8.236    8.827    8.827    9.178    9.178
   10.438   10.438   10.643   10.643   11.618   11.618   12.357   12.357   12.910   12.910
   16.006   16.006   16.300   16.300
