 30  
 1  
 48 
 1  0  0    0  1  0    0  0  1       0.000000   0.000000   0.000000        1.000000    0.000000      0.000000    0.000000      0.000000    0.000000      1.000000    0.000000
 0  1  0    1  0  0   -1 -1 -1       0.000000   0.000000   0.000000        0.000000   -1.000000      0.000000    0.000000      0.000000    0.000000      0.000000    1.000000
 0  0  1   -1 -1 -1    1  0  0       0.000000   0.000000   0.000000        0.000000    0.000000     -1.000000    0.000000      1.000000    0.000000      0.000000    0.000000
-1 -1 -1    0  0  1    0  1  0       0.000000   0.000000   0.000000        0.000000    0.000000      0.000000   -1.000000      0.000000   -1.000000      0.000000    0.000000
 0  0  1    1  0  0    0  1  0       0.000000   0.000000   0.000000        0.500000   -0.500000     -0.500000   -0.500000      0.500000   -0.500000      0.500000    0.500000
-1 -1 -1    0  1  0    1  0  0       0.000000   0.000000   0.000000        0.500000    0.500000     -0.500000    0.500000      0.500000    0.500000      0.500000   -0.500000
 1  0  0    0  0  1   -1 -1 -1       0.000000   0.000000   0.000000        0.500000    0.500000      0.500000   -0.500000     -0.500000   -0.500000      0.500000   -0.500000
 0  1  0   -1 -1 -1    0  0  1       0.000000   0.000000   0.000000        0.500000   -0.500000      0.500000    0.500000     -0.500000    0.500000      0.500000    0.500000
 0  1  0    0  0  1    1  0  0       0.000000   0.000000   0.000000        0.500000    0.500000      0.500000    0.500000     -0.500000    0.500000      0.500000   -0.500000
 1  0  0   -1 -1 -1    0  1  0       0.000000   0.000000   0.000000        0.500000   -0.500000     -0.500000    0.500000      0.500000    0.500000      0.500000    0.500000
-1 -1 -1    1  0  0    0  0  1       0.000000   0.000000   0.000000        0.500000    0.500000     -0.500000   -0.500000      0.500000   -0.500000      0.500000   -0.500000
 0  0  1    0  1  0   -1 -1 -1       0.000000   0.000000   0.000000        0.500000   -0.500000      0.500000   -0.500000     -0.500000   -0.500000      0.500000    0.500000
-1  0  0    0 -1  0    1  1  1       0.000000   0.000000   0.000000        0.000000    0.000000     -0.707107   -0.707107      0.707107   -0.707107     -0.000000    0.000000
 0 -1  0   -1  0  0    0  0 -1       0.000000   0.000000   0.000000        0.000000    0.000000      0.707107   -0.707107     -0.707107   -0.707107     -0.000000    0.000000
 0  0 -1    1  1  1    0 -1  0       0.000000   0.000000   0.000000        0.707107    0.707107      0.000000    0.000000      0.000000    0.000000      0.707107   -0.707107
 1  1  1    0  0 -1   -1  0  0       0.000000   0.000000   0.000000        0.707107   -0.707107      0.000000    0.000000      0.000000    0.000000      0.707107    0.707107
 0  0 -1   -1  0  0    1  1  1       0.000000   0.000000   0.000000        0.707107    0.000000      0.000000    0.707107      0.000000    0.707107      0.707107    0.000000
 1  1  1    0 -1  0    0  0 -1       0.000000   0.000000   0.000000        0.000000   -0.707107     -0.707107    0.000000      0.707107    0.000000      0.000000    0.707107
-1  0  0    0  0 -1    0 -1  0       0.000000   0.000000   0.000000        0.000000   -0.707107      0.707107    0.000000     -0.707107    0.000000      0.000000    0.707107
 0 -1  0    1  1  1   -1  0  0       0.000000   0.000000   0.000000        0.707107    0.000000      0.000000   -0.707107      0.000000   -0.707107      0.707107    0.000000
 0 -1  0    0  0 -1    1  1  1       0.000000   0.000000   0.000000        0.707107    0.000000     -0.707107    0.000000      0.707107    0.000000      0.707107    0.000000
-1  0  0    1  1  1    0  0 -1       0.000000   0.000000   0.000000        0.000000   -0.707107      0.000000   -0.707107      0.000000   -0.707107      0.000000    0.707107
 1  1  1   -1  0  0    0 -1  0       0.000000   0.000000   0.000000        0.707107    0.000000      0.707107    0.000000     -0.707107    0.000000      0.707107    0.000000
 0  0 -1    0 -1  0   -1  0  0       0.000000   0.000000   0.000000        0.000000    0.707107      0.000000   -0.707107      0.000000   -0.707107      0.000000   -0.707107
-1  0  0    0 -1  0    0  0 -1       0.000000   0.000000   0.000000        1.000000    0.000000      0.000000    0.000000      0.000000    0.000000      1.000000    0.000000
 0 -1  0   -1  0  0    1  1  1       0.000000   0.000000   0.000000        0.000000   -1.000000      0.000000    0.000000      0.000000    0.000000      0.000000    1.000000
 0  0 -1    1  1  1   -1  0  0       0.000000   0.000000   0.000000        0.000000    0.000000     -1.000000    0.000000      1.000000    0.000000      0.000000    0.000000
 1  1  1    0  0 -1    0 -1  0       0.000000   0.000000   0.000000        0.000000    0.000000      0.000000   -1.000000      0.000000   -1.000000      0.000000    0.000000
 0  0 -1   -1  0  0    0 -1  0       0.000000   0.000000   0.000000        0.500000   -0.500000     -0.500000   -0.500000      0.500000   -0.500000      0.500000    0.500000
 1  1  1    0 -1  0   -1  0  0       0.000000   0.000000   0.000000        0.500000    0.500000     -0.500000    0.500000      0.500000    0.500000      0.500000   -0.500000
-1  0  0    0  0 -1    1  1  1       0.000000   0.000000   0.000000        0.500000    0.500000      0.500000   -0.500000     -0.500000   -0.500000      0.500000   -0.500000
 0 -1  0    1  1  1    0  0 -1       0.000000   0.000000   0.000000        0.500000   -0.500000      0.500000    0.500000     -0.500000    0.500000      0.500000    0.500000
 0 -1  0    0  0 -1   -1  0  0       0.000000   0.000000   0.000000        0.500000    0.500000      0.500000    0.500000     -0.500000    0.500000      0.500000   -0.500000
-1  0  0    1  1  1    0 -1  0       0.000000   0.000000   0.000000        0.500000   -0.500000     -0.500000    0.500000      0.500000    0.500000      0.500000    0.500000
 1  1  1   -1  0  0    0  0 -1       0.000000   0.000000   0.000000        0.500000    0.500000     -0.500000   -0.500000      0.500000   -0.500000      0.500000   -0.500000
 0  0 -1    0 -1  0    1  1  1       0.000000   0.000000   0.000000        0.500000   -0.500000      0.500000   -0.500000     -0.500000   -0.500000      0.500000    0.500000
 1  0  0    0  1  0   -1 -1 -1       0.000000   0.000000   0.000000        0.000000    0.000000     -0.707107   -0.707107      0.707107   -0.707107     -0.000000    0.000000
 0  1  0    1  0  0    0  0  1       0.000000   0.000000   0.000000        0.000000    0.000000     -0.707107    0.707107      0.707107    0.707107     -0.000000    0.000000
 0  0  1   -1 -1 -1    0  1  0       0.000000   0.000000   0.000000        0.707107    0.707107      0.000000    0.000000      0.000000    0.000000      0.707107   -0.707107
-1 -1 -1    0  0  1    1  0  0       0.000000   0.000000   0.000000        0.707107   -0.707107      0.000000    0.000000      0.000000    0.000000      0.707107    0.707107
 0  0  1    1  0  0   -1 -1 -1       0.000000   0.000000   0.000000        0.707107    0.000000      0.000000    0.707107      0.000000    0.707107      0.707107    0.000000
-1 -1 -1    0  1  0    0  0  1       0.000000   0.000000   0.000000        0.000000   -0.707107     -0.707107    0.000000      0.707107    0.000000      0.000000    0.707107
 1  0  0    0  0  1    0  1  0       0.000000   0.000000   0.000000        0.000000    0.707107     -0.707107    0.000000      0.707107    0.000000      0.000000   -0.707107
 0  1  0   -1 -1 -1    1  0  0       0.000000   0.000000   0.000000        0.707107    0.000000      0.000000   -0.707107      0.000000   -0.707107      0.707107    0.000000
 0  1  0    0  0  1   -1 -1 -1       0.000000   0.000000   0.000000        0.707107    0.000000     -0.707107    0.000000      0.707107    0.000000      0.707107    0.000000
 1  0  0   -1 -1 -1    0  0  1       0.000000   0.000000   0.000000        0.000000   -0.707107      0.000000   -0.707107      0.000000   -0.707107      0.000000    0.707107
-1 -1 -1    1  0  0    0  1  0       0.000000   0.000000   0.000000        0.707107    0.000000      0.707107    0.000000     -0.707107    0.000000      0.707107    0.000000
 0  0  1    0  1  0    1  0  0       0.000000   0.000000   0.000000        0.000000   -0.707107      0.000000    0.707107      0.000000    0.707107      0.000000    0.707107
  4  
  0.500000     0.000000     0.500000
  0.500000     0.250000     0.750000
  0.500000     0.500000     0.500000
  0.000000     0.000000     0.000000
16 
 1  2  3  4  21  22  23  24  25  26  27  28  45  46  47  48 
        1         2   -37.4778   2.000000     0.000000     0.000000     0.000000     0.000000    -0.000000     0.000000    -0.000000    -1.414214     0.000000    -0.000000    -0.000000    -1.414214    -0.000000    -0.000000     0.000000     2.000000     0.000000     0.000000     0.000000     0.000000    -0.000000     0.000000    -0.000000    -1.414214     0.000000    -0.000000    -0.000000    -1.414214    -0.000000    -0.000000    -0.000000 
        3         2   -37.4266   2.000000     0.000000     0.000000     0.000000     0.000000    -0.000000     0.000000    -0.000000     1.414214    -0.000000     0.000000     0.000000     1.414214     0.000000     0.000000    -0.000000     2.000000     0.000000     0.000000     0.000000     0.000000    -0.000000     0.000000    -0.000000     1.414214    -0.000000     0.000000     0.000000     1.414214     0.000000     0.000000     0.000000 
        5         2   -36.2117   2.000000     0.000000     0.000000     0.000000     0.000000     0.000000     0.000000    -0.000000    -1.414214    -0.000000    -0.000000    -0.000000    -1.414214     0.000000    -0.000000     0.000000     2.000000     0.000000     0.000000     0.000000     0.000000     0.000000     0.000000    -0.000000    -1.414214    -0.000000    -0.000000    -0.000000    -1.414214     0.000000    -0.000000    -0.000000 
        7         2   -36.1500   2.000000     0.000000     0.000000     0.000000     0.000000    -0.000000    -0.000000     0.000000    -1.414214     0.000000     0.000000    -0.000000    -1.414214    -0.000000     0.000000     0.000000     2.000000     0.000000     0.000000     0.000000     0.000000    -0.000000     0.000000     0.000000    -1.414214     0.000000     0.000000    -0.000000    -1.414214    -0.000000     0.000000    -0.000000 
        9         2   -36.1430   2.000000     0.000000     0.000000     0.000000     0.000000    -0.000000     0.000000     0.000000     1.414214    -0.000000     0.000000     0.000000     1.414214     0.000000     0.000000    -0.000000     2.000000     0.000000     0.000000     0.000000     0.000000    -0.000000     0.000000     0.000000     1.414214    -0.000000     0.000000     0.000000     1.414214     0.000000     0.000000     0.000000 
       11         2   -22.5110   2.000000     0.000000     0.000000    -0.000000     0.000000     0.000000     0.000000     0.000000    -1.414214    -0.000000     0.000000    -0.000000    -1.414214     0.000000     0.000000    -0.000000     2.000000     0.000000     0.000000    -0.000000     0.000000     0.000000     0.000000     0.000000    -1.414214    -0.000000     0.000000    -0.000000    -1.414214     0.000000     0.000000     0.000000 
       13         2   -22.5016   2.000000     0.000000     0.000000     0.000000     0.000000    -0.000000     0.000000    -0.000000     1.414214    -0.000000     0.000000     0.000000     1.414214     0.000000     0.000000    -0.000000     2.000000     0.000000     0.000000     0.000000     0.000000    -0.000000     0.000000    -0.000000     1.414214    -0.000000     0.000000     0.000000     1.414214     0.000000     0.000000     0.000000 
       15         2   -21.5836   2.000000     0.000000     0.000000     0.000000     0.000000    -0.000000     0.000000     0.000000    -1.414214     0.000000     0.000000    -0.000000    -1.414214    -0.000000     0.000000    -0.000000     2.000000     0.000000     0.000000     0.000000     0.000000    -0.000000     0.000000     0.000000    -1.414214     0.000000     0.000000    -0.000000    -1.414214    -0.000000     0.000000     0.000000 
       17         2   -21.5756   2.000000     0.000000     0.000000    -0.000000     0.000000    -0.000000     0.000000     0.000000     1.414214    -0.000000     0.000000    -0.000000     1.414214     0.000000     0.000000     0.000000     2.000000     0.000000     0.000000    -0.000000     0.000000    -0.000000     0.000000     0.000000     1.414214    -0.000000     0.000000    -0.000000     1.414214     0.000000     0.000000    -0.000000 
       19         2   -21.5643   2.000000     0.000000     0.000000     0.000000     0.000000     0.000000     0.000000     0.000000    -1.414214    -0.000000     0.000000    -0.000000    -1.414214     0.000000    -0.000000     0.000000     2.000000     0.000000     0.000000     0.000000    -0.000000     0.000000     0.000000     0.000000    -1.414214    -0.000000    -0.000000    -0.000000    -1.414214     0.000000    -0.000000    -0.000000 
       21         2   -11.3332   2.000000     0.000000     0.000000     0.000000     0.000000    -0.000000     0.000000    -0.000000     1.414214    -0.000000     0.000000    -0.000000     1.414214     0.000000     0.000000    -0.000000     2.000000     0.000000     0.000000     0.000000     0.000000    -0.000000     0.000000    -0.000000     1.414214    -0.000000     0.000000    -0.000000     1.414214     0.000000     0.000000     0.000000 
       23         2    -6.5064   2.000000     0.000000     0.000000     0.000000     0.000000    -0.000000     0.000000     0.000000     1.414214    -0.000000     0.000000     0.000000     1.414214     0.000000     0.000000    -0.000000     2.000000     0.000000     0.000000     0.000000     0.000000    -0.000000     0.000000     0.000000     1.414214    -0.000000     0.000000     0.000000     1.414214     0.000000     0.000000     0.000000 
       25         2    -5.4078   2.000000     0.000000     0.000000    -0.000000     0.000000     0.000000     0.000000     0.000000     1.414214     0.000000    -0.000000     0.000000     1.414214    -0.000000    -0.000000     0.000000    -2.000000     0.000000     0.000000     0.000000     0.000000    -0.000000     0.000000    -0.000000    -1.414214    -0.000000     0.000000    -0.000000    -1.414214     0.000000     0.000000     0.000000 
       27         2    -3.8252   2.000000     0.000000     0.000000    -0.000000     0.000000     0.000000     0.000000     0.000000     1.414214     0.000000    -0.000000     0.000000     1.414214    -0.000000    -0.000000     0.000000    -2.000000     0.000000     0.000000     0.000000     0.000000    -0.000000     0.000000    -0.000000    -1.414214    -0.000000     0.000000    -0.000000    -1.414214     0.000000     0.000000     0.000000 
       29         2    -3.3609   2.000000     0.000000     0.000000     0.000000     0.000000     0.000000     0.000000    -0.000000    -1.414214    -0.000000    -0.000000     0.000000    -1.414214     0.000000     0.000000     0.000000    -2.000000     0.000000     0.000000    -0.000000     0.000000    -0.000000     0.000000     0.000000     1.414214     0.000000     0.000000    -0.000000     1.414214    -0.000000    -0.000000     0.000000 
8 
 1  4  18  19  26  27  41  44 
        1         2   -37.2864   2.000000     0.000000     0.000000    -0.000000    -0.000000    -0.000000    -0.000000     0.000000     0.000000     0.000000     0.000000     0.000000    -1.414214    -0.000000    -1.414214     0.000000 
        3         2   -37.1956   2.000000     0.000000     0.000000    -0.000000     0.000000    -0.000000     0.000000     0.000000     0.000000    -0.000000     0.000000    -0.000000     1.414214     0.000000     1.414214    -0.000000 
        5         2   -36.0002   2.000000     0.000000     0.000000     0.000000    -0.000000    -0.000000    -0.000000    -0.000000     0.000000     0.000000     0.000000    -0.000000    -1.414214     0.000000    -1.414214    -0.000000 
        7         2   -35.9984   2.000000     0.000000     0.000000     0.000000     0.000000     0.000000     0.000000    -0.000000     0.000000    -0.000000     0.000000     0.000000     1.414214    -0.000000     1.414214     0.000000 
        9         2   -35.8936   2.000000     0.000000     0.000000     0.000000     0.000000     0.000000     0.000000     0.000000     0.000000     0.000000     0.000000     0.000000     1.414214    -0.000000     1.414214     0.000000 
       11         2   -22.4151   2.000000     0.000000     0.000000     0.000000     0.000000    -0.000000     0.000000    -0.000000     0.000000    -0.000000     0.000000    -0.000000     1.414214    -0.000000     1.414214     0.000000 
       13         2   -22.3622   2.000000     0.000000     0.000000    -0.000000    -0.000000    -0.000000    -0.000000    -0.000000     0.000000     0.000000     0.000000    -0.000000    -1.414214    -0.000000    -1.414214     0.000000 
       15         2   -21.4826   2.000000     0.000000     0.000000    -0.000000    -0.000000     0.000000    -0.000000    -0.000000     0.000000    -0.000000     0.000000    -0.000000    -1.414214    -0.000000    -1.414214     0.000000 
       17         2   -21.4806   2.000000     0.000000     0.000000     0.000000     0.000000     0.000000     0.000000     0.000000     0.000000     0.000000     0.000000     0.000000     1.414214    -0.000000     1.414214     0.000000 
       19         2   -21.4196   2.000000     0.000000     0.000000    -0.000000    -0.000000     0.000000    -0.000000     0.000000     0.000000    -0.000000     0.000000    -0.000000    -1.414214    -0.000000    -1.414214     0.000000 
       21         2   -11.2568   2.000000     0.000000     0.000000     0.000000    -0.000000    -0.000000    -0.000000     0.000000     0.000000     0.000000     0.000000     0.000000    -1.414214     0.000000    -1.414214    -0.000000 
       23         2    -7.3393   2.000000     0.000000     0.000000    -0.000000     0.000000    -0.000000     0.000000     0.000000     0.000000     0.000000     0.000000    -0.000000     1.414214     0.000000     1.414214    -0.000000 
       25         2    -4.7530   2.000000     0.000000     0.000000     0.000000     0.000000    -0.000000     0.000000     0.000000     0.000000    -0.000000     0.000000    -0.000000     1.414214    -0.000000     1.414214     0.000000 
       27         2    -4.5698   2.000000     0.000000     0.000000    -0.000000     0.000000     0.000000    -0.000000    -0.000000     0.000000     0.000000     0.000000    -0.000000    -1.414214    -0.000000    -1.414214     0.000000 
       29         2    -0.7522   2.000000     0.000000     0.000000     0.000000     0.000000     0.000000     0.000000    -0.000000     0.000000     0.000000     0.000000     0.000000     1.414214    -0.000000     1.414214     0.000000 
12 
 1  5  9  14  19  24  25  29  33  38  43  48 
        1         2   -37.7590   2.000000     0.000000    -2.000000     0.000000    -2.000000    -0.000000     0.000000     0.000000    -0.000000    -0.000000    -0.000000    -0.000000    -2.000000     0.000000     2.000000    -0.000000     2.000000     0.000000    -0.000000     0.000000     0.000000    -0.000000     0.000000    -0.000000 
        3         2   -37.5731   2.000000     0.000000     1.000000    -0.000000     1.000000     0.000000    -0.000000    -0.000000    -0.000000    -0.000000    -0.000000    -0.000000    -2.000000     0.000000    -1.000000     0.000000    -1.000000    -0.000000     0.000000    -0.000000     0.000000    -0.000000     0.000000    -0.000000 
        5         2   -36.5010   2.000000     0.000000     1.000000     0.000000     1.000000    -0.000000    -0.000000     0.000000    -0.000000    -0.000000    -0.000000     0.000000    -2.000000     0.000000    -1.000000    -0.000000    -1.000000     0.000000     0.000000     0.000000     0.000000    -0.000000     0.000000     0.000000 
        7         2   -36.3274   2.000000     0.000000    -2.000000     0.000000    -2.000000    -0.000000     0.000000     0.000000    -0.000000    -0.000000     0.000000    -0.000000    -2.000000     0.000000     2.000000    -0.000000     2.000000     0.000000     0.000000     0.000000     0.000000    -0.000000    -0.000000    -0.000000 
        9         2   -36.2700   2.000000     0.000000     1.000000    -0.000000     1.000000     0.000000    -0.000000     0.000000    -0.000000     0.000000    -0.000000    -0.000000    -2.000000     0.000000    -1.000000     0.000000    -1.000000    -0.000000     0.000000     0.000000     0.000000     0.000000     0.000000    -0.000000 
       11         2   -22.7052   2.000000     0.000000    -2.000000     0.000000    -2.000000    -0.000000    -0.000000    -0.000000    -0.000000     0.000000     0.000000     0.000000     2.000000     0.000000    -2.000000    -0.000000    -2.000000     0.000000    -0.000000     0.000000    -0.000000    -0.000000    -0.000000    -0.000000 
       13         2   -22.5886   2.000000     0.000000     1.000000     0.000000     1.000000    -0.000000     0.000000     0.000000     0.000000     0.000000     0.000000     0.000000     2.000000     0.000000     1.000000     0.000000     1.000000    -0.000000     0.000000    -0.000000     0.000000    -0.000000     0.000000    -0.000000 
       15         2   -21.7897   2.000000     0.000000     1.000000     0.000000     1.000000    -0.000000    -0.000000     0.000000     0.000000     0.000000     0.000000    -0.000000     2.000000     0.000000     1.000000     0.000000     1.000000    -0.000000     0.000000    -0.000000     0.000000    -0.000000     0.000000     0.000000 
       17         2   -21.6779   2.000000     0.000000    -2.000000    -0.000000    -2.000000     0.000000    -0.000000    -0.000000     0.000000     0.000000     0.000000     0.000000     2.000000     0.000000    -2.000000     0.000000    -2.000000    -0.000000    -0.000000     0.000000     0.000000    -0.000000     0.000000    -0.000000 
       19         2   -21.6427   2.000000     0.000000     1.000000    -0.000000     1.000000     0.000000     0.000000    -0.000000     0.000000    -0.000000     0.000000     0.000000     2.000000     0.000000     1.000000    -0.000000     1.000000     0.000000     0.000000     0.000000     0.000000     0.000000     0.000000    -0.000000 
       21         2   -11.6215   2.000000     0.000000     1.000000     0.000000     1.000000    -0.000000    -0.000000    -0.000000    -0.000000    -0.000000    -0.000000    -0.000000    -2.000000     0.000000    -1.000000    -0.000000    -1.000000     0.000000     0.000000    -0.000000     0.000000    -0.000000     0.000000    -0.000000 
       23         2    -8.2695   2.000000     0.000000     1.000000    -0.000000     1.000000     0.000000     0.000000    -0.000000     0.000000    -0.000000     0.000000     0.000000     2.000000     0.000000     1.000000    -0.000000     1.000000     0.000000     0.000000     0.000000     0.000000     0.000000     0.000000    -0.000000 
       25         2    -2.0083   2.000000     0.000000     1.000000     0.000000     1.000000    -0.000000     0.000000    -0.000000     0.000000    -0.000000    -0.000000    -0.000000     2.000000     0.000000     1.000000     0.000000     1.000000    -0.000000     0.000000     0.000000     0.000000     0.000000    -0.000000     0.000000 
       27         2    -1.3860   2.000000     0.000000    -2.000000    -0.000000    -2.000000     0.000000    -0.000000     0.000000     0.000000    -0.000000    -0.000000    -0.000000     2.000000     0.000000    -2.000000    -0.000000    -2.000000     0.000000    -0.000000    -0.000000    -0.000000     0.000000    -0.000000     0.000000 
       29         2    -0.0258   2.000000     0.000000     1.000000    -0.000000     1.000000     0.000000    -0.000000    -0.000000    -0.000000    -0.000000    -0.000000     0.000000    -2.000000     0.000000    -1.000000     0.000000    -1.000000    -0.000000     0.000000    -0.000000     0.000000    -0.000000     0.000000     0.000000 
48 
 1  2  3  4  5  6  7  8  9  10  11  12  13  14  15  16  17  18  19  20  21  22  23  24  25  26  27  28  29  30  31  32  33  34  35  36  37  38  39  40  41  42  43  44  45  46  47  48 
        1         4   -37.5331   4.000000     0.000000     0.000000    -0.000000     0.000000    -0.000000     0.000000     0.000000    -1.000000     0.000000    -1.000000    -0.000000    -1.000000    -0.000000    -1.000000    -0.000000    -1.000000    -0.000000    -1.000000     0.000000    -1.000000     0.000000    -1.000000     0.000000     0.000000    -0.000000     0.000000     0.000000     0.000000    -0.000000     0.000000     0.000000     0.000000    -0.000000     0.000000    -0.000000     0.000000     0.000000     0.000000     0.000000    -0.000000     0.000000     0.000000    -0.000000    -0.000000    -0.000000     0.000000    -0.000000     4.000000     0.000000     0.000000    -0.000000     0.000000    -0.000000     0.000000     0.000000    -1.000000     0.000000    -1.000000    -0.000000    -1.000000    -0.000000    -1.000000    -0.000000    -1.000000    -0.000000    -1.000000     0.000000    -1.000000     0.000000    -1.000000     0.000000     0.000000    -0.000000     0.000000    -0.000000     0.000000    -0.000000     0.000000     0.000000     0.000000    -0.000000     0.000000    -0.000000     0.000000    -0.000000     0.000000     0.000000    -0.000000     0.000000     0.000000    -0.000000    -0.000000    -0.000000     0.000000     0.000000 
        5         2   -36.3908   2.000000     0.000000     0.000000    -0.000000     0.000000    -0.000000     0.000000     0.000000     1.000000    -0.000000     1.000000    -0.000000     1.000000     0.000000     1.000000     0.000000     1.000000     0.000000     1.000000    -0.000000     1.000000    -0.000000     1.000000     0.000000     0.000000     0.000000     0.000000    -0.000000    -1.414214    -0.000000    -1.414214     0.000000    -1.414214     0.000000     0.000000     0.000000     0.000000    -0.000000    -1.414214    -0.000000    -1.414214     0.000000     0.000000     0.000000    -1.414214    -0.000000     0.000000    -0.000000     2.000000     0.000000     0.000000    -0.000000     0.000000    -0.000000     0.000000     0.000000     1.000000    -0.000000     1.000000    -0.000000     1.000000     0.000000     1.000000     0.000000     1.000000     0.000000     1.000000    -0.000000     1.000000    -0.000000     1.000000     0.000000     0.000000     0.000000     0.000000     0.000000    -1.414214    -0.000000    -1.414214     0.000000    -1.414214     0.000000     0.000000     0.000000     0.000000     0.000000    -1.414214    -0.000000    -1.414214     0.000000     0.000000     0.000000    -1.414214    -0.000000     0.000000     0.000000 
        7         4   -36.0894   4.000000     0.000000     0.000000    -0.000000    -0.000000     0.000000     0.000000    -0.000000    -1.000000     0.000000    -1.000000     0.000000    -1.000000     0.000000    -1.000000     0.000000    -1.000000    -0.000000    -1.000000    -0.000000    -1.000000    -0.000000    -1.000000    -0.000000     0.000000    -0.000000     0.000000    -0.000000    -0.000000     0.000000    -0.000000    -0.000000    -0.000000    -0.000000     0.000000    -0.000000     0.000000    -0.000000    -0.000000     0.000000     0.000000    -0.000000     0.000000     0.000000     0.000000     0.000000     0.000000    -0.000000     4.000000     0.000000    -0.000000    -0.000000    -0.000000     0.000000     0.000000    -0.000000    -1.000000     0.000000    -1.000000     0.000000    -1.000000     0.000000    -1.000000     0.000000    -1.000000    -0.000000    -1.000000    -0.000000    -1.000000    -0.000000    -1.000000    -0.000000    -0.000000    -0.000000     0.000000     0.000000    -0.000000     0.000000    -0.000000    -0.000000    -0.000000    -0.000000     0.000000    -0.000000     0.000000     0.000000    -0.000000     0.000000     0.000000    -0.000000     0.000000     0.000000     0.000000     0.000000     0.000000     0.000000 
       11         4   -22.5633   4.000000     0.000000    -0.000000    -0.000000    -0.000000     0.000000    -0.000000     0.000000    -1.000000     0.000000    -1.000000     0.000000    -1.000000     0.000000    -1.000000     0.000000    -1.000000    -0.000000    -1.000000    -0.000000    -1.000000    -0.000000    -1.000000    -0.000000     0.000000     0.000000     0.000000    -0.000000    -0.000000     0.000000    -0.000000    -0.000000     0.000000    -0.000000     0.000000    -0.000000     0.000000     0.000000     0.000000     0.000000     0.000000     0.000000     0.000000     0.000000     0.000000    -0.000000     0.000000    -0.000000     4.000000     0.000000     0.000000    -0.000000     0.000000     0.000000     0.000000     0.000000    -1.000000     0.000000    -1.000000     0.000000    -1.000000     0.000000    -1.000000     0.000000    -1.000000    -0.000000    -1.000000    -0.000000    -1.000000    -0.000000    -1.000000    -0.000000     0.000000     0.000000     0.000000     0.000000    -0.000000     0.000000    -0.000000    -0.000000     0.000000    -0.000000     0.000000    -0.000000     0.000000    -0.000000     0.000000     0.000000     0.000000     0.000000     0.000000     0.000000     0.000000    -0.000000     0.000000     0.000000 
       15         2   -21.7206   2.000000     0.000000     0.000000     0.000000     0.000000    -0.000000     0.000000     0.000000     1.000000     0.000000     1.000000    -0.000000     1.000000    -0.000000     1.000000     0.000000     1.000000    -0.000000     1.000000     0.000000     1.000000    -0.000000     1.000000     0.000000     0.000000     0.000000     0.000000    -0.000000    -1.414214     0.000000    -1.414214    -0.000000    -1.414214     0.000000     0.000000    -0.000000     0.000000    -0.000000    -1.414214    -0.000000    -1.414214     0.000000     0.000000    -0.000000    -1.414214    -0.000000     0.000000     0.000000     2.000000     0.000000     0.000000     0.000000     0.000000    -0.000000     0.000000     0.000000     1.000000     0.000000     1.000000    -0.000000     1.000000    -0.000000     1.000000     0.000000     1.000000    -0.000000     1.000000     0.000000     1.000000    -0.000000     1.000000     0.000000     0.000000     0.000000     0.000000     0.000000    -1.414214     0.000000    -1.414214    -0.000000    -1.414214     0.000000     0.000000    -0.000000     0.000000     0.000000    -1.414214    -0.000000    -1.414214     0.000000     0.000000    -0.000000    -1.414214    -0.000000     0.000000    -0.000000 
       17         4   -21.5366   4.000000     0.000000    -0.000000     0.000000     0.000000     0.000000     0.000000     0.000000    -1.000000    -0.000000    -1.000000     0.000000    -1.000000     0.000000    -1.000000     0.000000    -1.000000     0.000000    -1.000000    -0.000000    -1.000000    -0.000000    -1.000000    -0.000000     0.000000    -0.000000     0.000000     0.000000    -0.000000    -0.000000    -0.000000     0.000000     0.000000    -0.000000     0.000000    -0.000000     0.000000    -0.000000     0.000000     0.000000    -0.000000     0.000000     0.000000    -0.000000    -0.000000    -0.000000     0.000000    -0.000000     4.000000     0.000000    -0.000000     0.000000     0.000000     0.000000    -0.000000     0.000000    -1.000000    -0.000000    -1.000000     0.000000    -1.000000     0.000000    -1.000000     0.000000    -1.000000     0.000000    -1.000000    -0.000000    -1.000000    -0.000000    -1.000000    -0.000000     0.000000    -0.000000     0.000000    -0.000000    -0.000000    -0.000000    -0.000000     0.000000     0.000000    -0.000000     0.000000    -0.000000     0.000000     0.000000     0.000000     0.000000    -0.000000     0.000000     0.000000    -0.000000    -0.000000    -0.000000     0.000000     0.000000 
       21         2   -12.8159   2.000000     0.000000     0.000000     0.000000     0.000000    -0.000000     0.000000    -0.000000     1.000000    -0.000000     1.000000    -0.000000     1.000000    -0.000000     1.000000     0.000000     1.000000     0.000000     1.000000     0.000000     1.000000    -0.000000     1.000000     0.000000     0.000000    -0.000000     0.000000     0.000000     1.414214    -0.000000     1.414214     0.000000     1.414214     0.000000     0.000000    -0.000000     0.000000     0.000000     1.414214    -0.000000     1.414214    -0.000000     0.000000     0.000000     1.414214     0.000000     0.000000    -0.000000     2.000000     0.000000     0.000000     0.000000     0.000000    -0.000000     0.000000    -0.000000     1.000000    -0.000000     1.000000    -0.000000     1.000000    -0.000000     1.000000     0.000000     1.000000     0.000000     1.000000     0.000000     1.000000    -0.000000     1.000000     0.000000     0.000000    -0.000000     0.000000    -0.000000     1.414214    -0.000000     1.414214     0.000000     1.414214     0.000000     0.000000    -0.000000     0.000000    -0.000000     1.414214    -0.000000     1.414214    -0.000000     0.000000     0.000000     1.414214     0.000000     0.000000     0.000000 
       23         2    -4.9158   2.000000     0.000000     0.000000     0.000000     0.000000    -0.000000     0.000000     0.000000     1.000000    -0.000000     1.000000    -0.000000     1.000000     0.000000     1.000000     0.000000     1.000000     0.000000     1.000000    -0.000000     1.000000    -0.000000     1.000000     0.000000     0.000000    -0.000000     0.000000     0.000000     1.414214    -0.000000     1.414214     0.000000     1.414214    -0.000000     0.000000    -0.000000     0.000000     0.000000     1.414214     0.000000     1.414214    -0.000000     0.000000     0.000000     1.414214     0.000000     0.000000     0.000000     2.000000     0.000000     0.000000     0.000000     0.000000    -0.000000     0.000000     0.000000     1.000000    -0.000000     1.000000    -0.000000     1.000000     0.000000     1.000000     0.000000     1.000000     0.000000     1.000000    -0.000000     1.000000    -0.000000     1.000000     0.000000     0.000000    -0.000000     0.000000    -0.000000     1.414214    -0.000000     1.414214     0.000000     1.414214    -0.000000     0.000000    -0.000000     0.000000    -0.000000     1.414214     0.000000     1.414214    -0.000000     0.000000     0.000000     1.414214     0.000000     0.000000    -0.000000 
       25         2    -2.6105   2.000000     0.000000     0.000000    -0.000000     0.000000    -0.000000     0.000000    -0.000000     1.000000    -0.000000     1.000000     0.000000     1.000000    -0.000000     1.000000     0.000000     1.000000     0.000000     1.000000     0.000000     1.000000    -0.000000     1.000000    -0.000000    -0.000000    -0.000000    -0.000000    -0.000000     1.414214     0.000000     1.414214    -0.000000     1.414214     0.000000    -0.000000    -0.000000    -0.000000     0.000000     1.414214    -0.000000     1.414214    -0.000000    -0.000000    -0.000000     1.414214     0.000000    -0.000000    -0.000000    -2.000000     0.000000     0.000000     0.000000     0.000000     0.000000     0.000000     0.000000    -1.000000     0.000000    -1.000000    -0.000000    -1.000000     0.000000    -1.000000    -0.000000    -1.000000    -0.000000    -1.000000    -0.000000    -1.000000     0.000000    -1.000000     0.000000     0.000000     0.000000     0.000000    -0.000000    -1.414214    -0.000000    -1.414214     0.000000    -1.414214    -0.000000     0.000000     0.000000     0.000000     0.000000    -1.414214     0.000000    -1.414214     0.000000     0.000000     0.000000    -1.414214    -0.000000     0.000000    -0.000000 
       27         4    -1.7426   4.000000     0.000000    -0.000000    -0.000000     0.000000     0.000000     0.000000     0.000000    -1.000000    -0.000000    -1.000000    -0.000000    -1.000000    -0.000000    -1.000000     0.000000    -1.000000     0.000000    -1.000000     0.000000    -1.000000    -0.000000    -1.000000     0.000000    -0.000000     0.000000    -0.000000    -0.000000    -0.000000     0.000000    -0.000000    -0.000000    -0.000000    -0.000000    -0.000000     0.000000    -0.000000    -0.000000    -0.000000     0.000000     0.000000    -0.000000    -0.000000    -0.000000     0.000000     0.000000    -0.000000     0.000000    -4.000000     0.000000    -0.000000     0.000000     0.000000    -0.000000    -0.000000    -0.000000     1.000000     0.000000     1.000000     0.000000     1.000000     0.000000     1.000000    -0.000000     1.000000    -0.000000     1.000000    -0.000000     1.000000     0.000000     1.000000    -0.000000     0.000000    -0.000000     0.000000    -0.000000     0.000000    -0.000000     0.000000     0.000000     0.000000     0.000000     0.000000    -0.000000     0.000000    -0.000000     0.000000    -0.000000    -0.000000     0.000000     0.000000     0.000000    -0.000000    -0.000000     0.000000     0.000000 
