 &plot nbnd=  40, nks=   201 /
            0.000000  0.000000  0.000000
  -99.714  -57.299  -57.299  -56.755  -19.267  -19.111   -6.919   -5.130   -5.098   -4.664
   -2.680   -2.680   -2.615   -2.615   -2.144   -1.305    7.376    7.376    7.937    8.690
    8.840    9.788    9.788    9.815   10.022   10.022   10.281   10.281   10.747   10.747
   10.838   11.204   11.235   14.310   14.907   15.415   15.895   15.946   15.969   15.969
            0.000000  0.018683 -0.000000
  -99.714  -57.299  -57.299  -56.755  -19.267  -19.111   -6.919   -5.131   -5.099   -4.665
   -2.680   -2.680   -2.615   -2.614   -2.144   -1.305    7.375    7.377    7.936    8.690
    8.840    9.787    9.788    9.807   10.019   10.029   10.281   10.282   10.736   10.746
   10.849   11.204   11.236   14.311   14.908   15.415   15.897   15.946   15.969   15.969
            0.000000  0.037366 -0.000000
  -99.714  -57.299  -57.299  -56.755  -19.267  -19.111   -6.918   -5.133   -5.100   -4.668
   -2.680   -2.679   -2.614   -2.611   -2.143   -1.306    7.370    7.377    7.934    8.692
    8.838    9.785    9.785    9.790   10.010   10.049   10.282   10.283   10.713   10.744
   10.876   11.204   11.239   14.314   14.913   15.416   15.904   15.947   15.969   15.969
            0.000000  0.056049 -0.000000
  -99.714  -57.299  -57.299  -56.755  -19.266  -19.111   -6.915   -5.137   -5.102   -4.672
   -2.680   -2.678   -2.614   -2.607   -2.140   -1.308    7.362    7.378    7.932    8.694
    8.836    9.755    9.782    9.793    9.997   10.076   10.282   10.286   10.685   10.741
   10.909   11.204   11.244   14.320   14.921   15.418   15.916   15.947   15.969   15.970
            0.000000  0.074733 -0.000000
  -99.714  -57.299  -57.299  -56.755  -19.266  -19.110   -6.912   -5.143   -5.103   -4.677
   -2.680   -2.677   -2.614   -2.601   -2.137   -1.310    7.351    7.380    7.928    8.697
    8.832    9.720    9.778    9.797    9.979   10.107   10.283   10.289   10.656   10.737
   10.943   11.204   11.252   14.329   14.931   15.419   15.932   15.948   15.970   15.971
           -0.000000  0.093416 -0.000000
  -99.714  -57.299  -57.299  -56.755  -19.265  -19.110   -6.908   -5.153   -5.104   -4.684
   -2.680   -2.676   -2.613   -2.593   -2.134   -1.314    7.337    7.381    7.923    8.701
    8.828    9.682    9.772    9.801    9.957   10.139   10.284   10.294   10.626   10.732
   10.977   11.204   11.262   14.339   14.945   15.422   15.949   15.953   15.970   15.972
            0.000000  0.112099 -0.000000
  -99.714  -57.299  -57.299  -56.755  -19.264  -19.109   -6.903   -5.165   -5.103   -4.693
   -2.680   -2.675   -2.612   -2.584   -2.129   -1.317    7.321    7.384    7.917    8.706
    8.823    9.642    9.766    9.806    9.933   10.171   10.285   10.299   10.595   10.726
   11.011   11.204   11.277   14.352   14.962   15.425   15.950   15.970   15.973   15.976
            0.000000  0.130782  0.000000
  -99.714  -57.299  -57.299  -56.755  -19.263  -19.109   -6.897   -5.180   -5.103   -4.703
   -2.681   -2.673   -2.611   -2.574   -2.124   -1.322    7.301    7.386    7.910    8.710
    8.818    9.601    9.758    9.811    9.907   10.202   10.286   10.306   10.564   10.720
   11.041   11.204   11.296   14.368   14.981   15.428   15.952   15.971   15.974   16.003
            0.000000  0.149465 -0.000000
  -99.714  -57.299  -57.299  -56.755  -19.261  -19.108   -6.890   -5.198   -5.101   -4.715
   -2.681   -2.671   -2.610   -2.562   -2.118   -1.327    7.280    7.389    7.902    8.715
    8.812    9.559    9.749    9.817    9.880   10.232   10.287   10.314   10.531   10.714
   11.068   11.204   11.320   14.385   15.003   15.431   15.953   15.972   15.976   16.030
           -0.000000  0.168148  0.000000
  -99.714  -57.299  -57.299  -56.755  -19.260  -19.108   -6.882   -5.217   -5.099   -4.727
   -2.681   -2.668   -2.609   -2.550   -2.111   -1.333    7.255    7.393    7.893    8.720
    8.806    9.517    9.739    9.823    9.853   10.260   10.289   10.324   10.496   10.709
   11.090   11.204   11.350   14.405   15.027   15.434   15.955   15.972   15.978   16.056
           -0.000000  0.186831 -0.000000
  -99.714  -57.299  -57.299  -56.755  -19.258  -19.107   -6.873   -5.239   -5.096   -4.742
   -2.682   -2.666   -2.608   -2.536   -2.103   -1.339    7.229    7.397    7.884    8.725
    8.799    9.474    9.728    9.826    9.828   10.285   10.291   10.334   10.461   10.705
   11.109   11.204   11.385   14.426   15.054   15.438   15.957   15.973   15.980   16.077
            0.000000  0.205515 -0.000000
  -99.714  -57.299  -57.299  -56.755  -19.256  -19.106   -6.864   -5.262   -5.094   -4.757
   -2.683   -2.663   -2.607   -2.521   -2.094   -1.346    7.200    7.401    7.873    8.729
    8.793    9.431    9.716    9.800    9.833   10.293   10.306   10.346   10.424   10.702
   11.124   11.205   11.424   14.450   15.083   15.442   15.959   15.974   15.983   16.090
            0.000000  0.224198 -0.000000
  -99.714  -57.299  -57.299  -56.755  -19.254  -19.106   -6.853   -5.287   -5.091   -4.773
   -2.684   -2.660   -2.606   -2.506   -2.085   -1.353    7.169    7.406    7.861    8.733
    8.786    9.387    9.703    9.776    9.837   10.295   10.323   10.360   10.386   10.703
   11.136   11.205   11.467   14.475   15.114   15.446   15.961   15.975   15.985   16.096
           -0.000000  0.242881  0.000000
  -99.714  -57.299  -57.299  -56.755  -19.252  -19.105   -6.842   -5.314   -5.087   -4.791
   -2.685   -2.656   -2.604   -2.490   -2.076   -1.360    7.137    7.411    7.848    8.735
    8.779    9.344    9.690    9.753    9.841   10.297   10.335   10.347   10.374   10.706
   11.146   11.206   11.511   14.503   15.146   15.450   15.963   15.976   15.988   16.099
            0.000000  0.261564  0.000000
  -99.714  -57.299  -57.299  -56.755  -19.250  -19.104   -6.830   -5.342   -5.084   -4.809
   -2.687   -2.653   -2.603   -2.474   -2.065   -1.368    7.103    7.416    7.835    8.737
    8.773    9.301    9.675    9.732    9.844   10.299   10.307   10.342   10.390   10.714
   11.154   11.208   11.556   14.532   15.180   15.454   15.966   15.977   15.991   16.101
            0.000000  0.280247 -0.000000
  -99.714  -57.299  -57.299  -56.755  -19.248  -19.103   -6.817   -5.371   -5.080   -4.828
   -2.688   -2.649   -2.601   -2.458   -2.054   -1.376    7.067    7.422    7.821    8.738
    8.766    9.257    9.660    9.714    9.846   10.267   10.302   10.343   10.406   10.725
   11.162   11.209   11.603   14.562   15.215   15.459   15.969   15.978   15.994   16.104
            0.000000  0.298930 -0.000000
  -99.714  -57.299  -57.299  -56.755  -19.245  -19.102   -6.803   -5.401   -5.076   -4.848
   -2.690   -2.645   -2.599   -2.442   -2.043   -1.384    7.030    7.428    7.806    8.738
    8.759    9.214    9.644    9.697    9.848   10.225   10.305   10.339   10.423   10.740
   11.169   11.211   11.649   14.594   15.251   15.463   15.971   15.980   15.997   16.106
           -0.000000  0.317613 -0.000000
  -99.714  -57.299  -57.299  -56.755  -19.243  -19.101   -6.789   -5.432   -5.072   -4.869
   -2.693   -2.641   -2.598   -2.426   -2.031   -1.392    6.992    7.435    7.791    8.736
    8.753    9.171    9.628    9.684    9.849   10.183   10.307   10.331   10.440   10.758
   11.175   11.214   11.696   14.628   15.288   15.468   15.974   15.981   16.001   16.108
           -0.000000  0.336296  0.000000
  -99.714  -57.299  -57.299  -56.755  -19.240  -19.100   -6.774   -5.463   -5.067   -4.890
   -2.695   -2.637   -2.596   -2.410   -2.018   -1.400    6.954    7.442    7.776    8.734
    8.747    9.128    9.611    9.672    9.849   10.141   10.310   10.318   10.458   10.779
   11.181   11.217   11.742   14.663   15.325   15.473   15.977   15.983   16.005   16.110
           -0.000000  0.354980  0.000000
  -99.714  -57.299  -57.299  -56.755  -19.237  -19.099   -6.758   -5.495   -5.063   -4.912
   -2.698   -2.632   -2.594   -2.395   -2.005   -1.408    6.914    7.450    7.760    8.731
    8.740    9.085    9.594    9.662    9.849   10.099   10.303   10.314   10.475   10.802
   11.187   11.220   11.787   14.699   15.362   15.478   15.980   15.984   16.008   16.112
           -0.000000  0.373663 -0.000000
  -99.714  -57.299  -57.299  -56.755  -19.234  -19.098   -6.741   -5.528   -5.058   -4.934
   -2.701   -2.628   -2.593   -2.381   -1.991   -1.416    6.874    7.457    7.744    8.726
    8.734    9.042    9.576    9.655    9.848   10.057   10.285   10.317   10.492   10.825
   11.192   11.225   11.832   14.737   15.398   15.482   15.983   15.986   16.013   16.114
           -0.000000  0.392346 -0.000000
  -99.714  -57.299  -57.299  -56.755  -19.231  -19.097   -6.724   -5.561   -5.054   -4.956
   -2.704   -2.623   -2.591   -2.367   -1.978   -1.424    6.833    7.466    7.728    8.721
    8.728    9.000    9.558    9.648    9.847   10.016   10.265   10.320   10.508   10.850
   11.198   11.230   11.876   14.775   15.434   15.488   15.986   15.987   16.017   16.117
            0.000000  0.411029 -0.000000
  -99.714  -57.299  -57.299  -56.755  -19.228  -19.096   -6.705   -5.594   -5.049   -4.979
   -2.708   -2.618   -2.589   -2.354   -1.963   -1.431    6.793    7.474    7.711    8.716
    8.722    8.958    9.540    9.644    9.845    9.975   10.243   10.324   10.524   10.875
   11.203   11.237   11.919   14.814   15.468   15.493   15.989   15.989   16.021   16.119
            0.000000  0.429712  0.000000
  -99.714  -57.299  -57.299  -56.755  -19.225  -19.095   -6.687   -5.628   -5.044   -5.001
   -2.712   -2.613   -2.587   -2.342   -1.949   -1.438    6.752    7.483    7.695    8.709
    8.716    8.916    9.521    9.639    9.843    9.936   10.221   10.327   10.538   10.900
   11.209   11.244   11.961   14.854   15.493   15.506   15.991   15.992   16.025   16.121
            0.000000  0.448395 -0.000000
  -99.714  -57.299  -57.299  -56.755  -19.222  -19.094   -6.668   -5.661   -5.039   -5.024
   -2.716   -2.608   -2.586   -2.331   -1.934   -1.445    6.711    7.493    7.679    8.703
    8.711    8.875    9.503    9.635    9.841    9.898   10.198   10.331   10.551   10.925
   11.214   11.253   12.002   14.895   15.501   15.536   15.993   15.996   16.030   16.124
            0.000000  0.467078 -0.000000
  -99.714  -57.299  -57.299  -56.755  -19.219  -19.093   -6.648   -5.694   -5.047   -5.034
   -2.721   -2.603   -2.584   -2.322   -1.919   -1.451    6.670    7.503    7.664    8.696
    8.705    8.835    9.485    9.630    9.838    9.863   10.174   10.335   10.562   10.950
   11.220   11.262   12.041   14.936   15.507   15.565   15.995   15.999   16.035   16.126
           -0.000000  0.485762  0.000000
  -99.714  -57.299  -57.299  -56.755  -19.215  -19.092   -6.627   -5.728   -5.070   -5.030
   -2.726   -2.597   -2.583   -2.313   -1.904   -1.456    6.630    7.513    7.649    8.690
    8.700    8.794    9.467    9.624    9.831    9.835   10.149   10.339   10.572   10.975
   11.225   11.273   12.080   14.977   15.512   15.593   15.997   16.002   16.039   16.120
           -0.000000  0.504445 -0.000000
  -99.714  -57.299  -57.299  -56.755  -19.212  -19.091   -6.607   -5.760   -5.093   -5.025
   -2.731   -2.592   -2.581   -2.307   -1.889   -1.461    6.590    7.524    7.634    8.683
    8.695    8.754    9.449    9.614    9.804    9.832   10.125   10.343   10.580   10.999
   11.231   11.284   12.117   15.019   15.517   15.619   15.999   16.006   16.044   16.116
            0.000000  0.523128  0.000000
  -99.714  -57.299  -57.299  -56.755  -19.209  -19.090   -6.585   -5.793   -5.115   -5.020
   -2.737   -2.586   -2.580   -2.301   -1.873   -1.464    6.551    7.535    7.619    8.677
    8.690    8.715    9.431    9.601    9.782    9.829   10.100   10.347   10.586   11.022
   11.236   11.297   12.153   15.060   15.522   15.643   16.001   16.009   16.049   16.112
           -0.000000  0.541811 -0.000000
  -99.714  -57.299  -57.299  -56.755  -19.205  -19.090   -6.564   -5.824   -5.137   -5.015
   -2.743   -2.581   -2.578   -2.297   -1.858   -1.468    6.513    7.546    7.606    8.671
    8.676    8.685    9.414    9.583    9.766    9.825   10.076   10.351   10.590   11.045
   11.242   11.311   12.188   15.101   15.528   15.665   16.003   16.012   16.054   16.108
            0.000000  0.560494 -0.000000
  -99.714  -57.299  -57.299  -56.755  -19.202  -19.089   -6.542   -5.856   -5.159   -5.010
   -2.749   -2.577   -2.576   -2.295   -1.842   -1.470    6.476    7.558    7.593    8.638
    8.665    8.681    9.397    9.561    9.755    9.821   10.051   10.355   10.592   11.067
   11.247   11.325   12.222   15.142   15.533   15.684   16.005   16.016   16.059   16.105
           -0.000000  0.579177  0.000000
  -99.714  -57.299  -57.299  -56.755  -19.199  -19.088   -6.520   -5.886   -5.180   -5.006
   -2.755   -2.576   -2.570   -2.294   -1.826   -1.472    6.439    7.571    7.580    8.600
    8.660    8.677    9.380    9.536    9.749    9.818   10.028   10.360   10.592   11.088
   11.253   11.340   12.254   15.182   15.538   15.702   16.007   16.019   16.063   16.102
            0.000000  0.597860 -0.000000
  -99.714  -57.299  -57.299  -56.755  -19.195  -19.088   -6.498   -5.916   -5.201   -5.001
   -2.761   -2.575   -2.565   -2.294   -1.811   -1.473    6.404    7.569    7.584    8.563
    8.655    8.673    9.364    9.509    9.745    9.814   10.004   10.364   10.591   11.109
   11.258   11.355   12.286   15.221   15.543   15.717   16.010   16.022   16.068   16.099
           -0.000000  0.616544  0.000000
  -99.714  -57.299  -57.299  -56.755  -19.192  -19.087   -6.476   -5.944   -5.221   -4.996
   -2.768   -2.574   -2.559   -2.296   -1.795   -1.473    6.371    7.558    7.597    8.526
    8.651    8.669    9.349    9.482    9.744    9.810    9.981   10.368   10.587   11.128
   11.263   11.371   12.316   15.259   15.548   15.730   16.012   16.026   16.073   16.097
           -0.000000  0.635227 -0.000000
  -99.714  -57.299  -57.299  -56.755  -19.189  -19.087   -6.454   -5.972   -5.241   -4.992
   -2.775   -2.574   -2.554   -2.299   -1.780   -1.473    6.339    7.548    7.610    8.490
    8.647    8.666    9.334    9.454    9.743    9.807    9.959   10.373   10.583   11.147
   11.268   11.387   12.345   15.296   15.553   15.742   16.014   16.029   16.077   16.095
            0.000000  0.653910 -0.000000
  -99.714  -57.299  -57.299  -56.755  -19.186  -19.087   -6.432   -5.998   -5.260   -4.987
   -2.782   -2.573   -2.549   -2.303   -1.764   -1.472    6.308    7.539    7.625    8.455
    8.644    8.663    9.321    9.427    9.744    9.803    9.937   10.377   10.576   11.164
   11.273   11.402   12.373   15.332   15.558   15.751   16.016   16.032   16.081   16.094
           -0.000000  0.672593  0.000000
  -99.714  -57.299  -57.299  -56.755  -19.183  -19.086   -6.411   -6.023   -5.279   -4.983
   -2.790   -2.573   -2.544   -2.308   -1.749   -1.471    6.279    7.532    7.639    8.420
    8.641    8.661    9.308    9.401    9.744    9.799    9.916   10.382   10.568   11.181
   11.278   11.418   12.399   15.366   15.562   15.759   16.018   16.035   16.084   16.094
            0.000000  0.691276 -0.000000
  -99.714  -57.299  -57.299  -56.755  -19.180  -19.086   -6.392   -6.045   -5.296   -4.978
   -2.797   -2.573   -2.539   -2.315   -1.734   -1.470    6.252    7.525    7.654    8.386
    8.639    8.659    9.295    9.376    9.745    9.796    9.896   10.386   10.559   11.197
   11.283   11.432   12.425   15.398   15.567   15.765   16.020   16.038   16.086   16.096
           -0.000000  0.709959  0.000000
  -99.714  -57.299  -57.299  -56.755  -19.177  -19.086   -6.374   -6.065   -5.313   -4.974
   -2.804   -2.573   -2.534   -2.322   -1.719   -1.468    6.226    7.519    7.670    8.353
    8.638    8.657    9.284    9.352    9.745    9.793    9.877   10.391   10.549   11.211
   11.288   11.447   12.449   15.429   15.571   15.770   16.022   16.041   16.087   16.098
            0.000000  0.728642 -0.000000
  -99.714  -57.299  -57.299  -56.755  -19.174  -19.086   -6.358   -6.082   -5.330   -4.970
   -2.812   -2.573   -2.529   -2.330   -1.704   -1.467    6.203    7.514    7.686    8.320
    8.637    8.656    9.274    9.329    9.745    9.790    9.858   10.396   10.538   11.225
   11.292   11.460   12.472   15.458   15.575   15.774   16.024   16.044   16.088   16.102
           -0.000000  0.747326 -0.000000
  -99.714  -57.299  -57.299  -56.755  -19.171  -19.086   -6.345   -6.094   -5.345   -4.965
   -2.820   -2.573   -2.524   -2.339   -1.690   -1.465    6.181    7.510    7.702    8.288
    8.636    8.655    9.265    9.308    9.745    9.788    9.841   10.400   10.525   11.238
   11.296   11.473   12.494   15.486   15.578   15.776   16.026   16.047   16.088   16.106
            0.000000  0.766009  0.000000
  -99.714  -57.299  -57.299  -56.755  -19.168  -19.087   -6.337   -6.101   -5.360   -4.961
   -2.827   -2.574   -2.519   -2.349   -1.676   -1.463    6.162    7.508    7.720    8.256
    8.637    8.655    9.257    9.289    9.745    9.785    9.825   10.405   10.512   11.249
   11.300   11.485   12.515   15.512   15.582   15.776   16.028   16.050   16.089   16.109
           -0.000000  0.784692 -0.000000
  -99.714  -57.299  -57.299  -56.755  -19.166  -19.087   -6.333   -6.103   -5.374   -4.956
   -2.835   -2.575   -2.515   -2.359   -1.662   -1.461    6.145    7.506    7.737    8.226
    8.637    8.655    9.250    9.271    9.744    9.784    9.809   10.410   10.497   11.260
   11.304   11.495   12.534   15.535   15.584   15.776   16.029   16.053   16.090   16.113
           -0.000000  0.803375  0.000000
  -99.714  -57.299  -57.299  -56.755  -19.163  -19.088   -6.335   -6.098   -5.387   -4.952
   -2.843   -2.576   -2.510   -2.369   -1.648   -1.460    6.129    7.506    7.755    8.195
    8.639    8.656    9.244    9.254    9.743    9.783    9.795   10.415   10.482   11.269
   11.308   11.504   12.553   15.558   15.587   15.774   16.030   16.055   16.092   16.120
            0.000000  0.822058 -0.000000
  -99.714  -57.299  -57.299  -56.755  -19.161  -19.088   -6.341   -6.089   -5.399   -4.947
   -2.850   -2.577   -2.506   -2.380   -1.635   -1.458    6.116    7.506    7.774    8.166
    8.641    8.657    9.239    9.239    9.742    9.782    9.782   10.419   10.467   11.277
   11.311   11.512   12.570   15.578   15.589   15.771   16.031   16.058   16.093   16.125
           -0.000000  0.840741 -0.000000
  -99.714  -57.299  -57.299  -56.755  -19.159  -19.089   -6.351   -6.075   -5.410   -4.943
   -2.858   -2.579   -2.502   -2.391   -1.622   -1.457    6.106    7.508    7.793    8.137
    8.644    8.659    9.225    9.236    9.740    9.770    9.782   10.424   10.450   11.284
   11.314   11.518   12.586   15.590   15.597   15.766   16.032   16.060   16.095   16.121
            0.000000  0.859424  0.000000
  -99.714  -57.299  -57.299  -56.755  -19.157  -19.090   -6.363   -6.058   -5.420   -4.938
   -2.865   -2.580   -2.498   -2.402   -1.610   -1.457    6.097    7.511    7.812    8.109
    8.647    8.661    9.213    9.233    9.738    9.759    9.783   10.429   10.433   11.291
   11.317   11.523   12.601   15.591   15.614   15.761   16.033   16.062   16.097   16.116
           -0.000000  0.878107  0.000000
  -99.714  -57.299  -57.299  -56.755  -19.155  -19.091   -6.376   -6.039   -5.430   -4.933
   -2.873   -2.582   -2.495   -2.414   -1.598   -1.456    6.091    7.515    7.833    8.081
    8.651    8.663    9.201    9.232    9.736    9.749    9.784   10.416   10.434   11.296
   11.320   11.526   12.614   15.591   15.630   15.754   16.033   16.064   16.099   16.111
            0.000000  0.896791 -0.000000
  -99.714  -57.299  -57.299  -56.755  -19.153  -19.092   -6.391   -6.018   -5.438   -4.928
   -2.880   -2.585   -2.491   -2.425   -1.586   -1.456    6.087    7.521    7.853    8.055
    8.656    8.666    9.191    9.233    9.734    9.741    9.787   10.398   10.438   11.299
   11.322   11.527   12.626   15.590   15.644   15.745   16.032   16.065   16.101   16.106
           -0.000000  0.915474  0.000000
  -99.714  -57.299  -57.299  -56.755  -19.151  -19.094   -6.406   -5.997   -5.446   -4.922
   -2.886   -2.587   -2.488   -2.437   -1.575   -1.457    6.086    7.527    7.874    8.029
    8.661    8.669    9.182    9.234    9.731    9.733    9.790   10.380   10.443   11.302
   11.324   11.527   12.637   15.589   15.657   15.735   16.032   16.067   16.100   16.103
            0.000000  0.934157 -0.000000
  -99.714  -57.299  -57.299  -56.755  -19.150  -19.095   -6.420   -5.974   -5.453   -4.916
   -2.893   -2.590   -2.485   -2.448   -1.565   -1.458    6.087    7.535    7.894    8.005
    8.667    8.673    9.174    9.237    9.727    9.729    9.794   10.361   10.448   11.304
   11.326   11.525   12.647   15.587   15.668   15.724   16.031   16.068   16.094   16.105
            0.018683  0.934157  0.000000
  -99.714  -57.299  -57.299  -56.755  -19.149  -19.095   -6.420   -5.974   -5.452   -4.916
   -2.893   -2.591   -2.486   -2.448   -1.565   -1.458    6.086    7.536    7.891    8.002
    8.671    8.672    9.175    9.237    9.716    9.740    9.794   10.358   10.453   11.302
   11.332   11.525   12.648   15.587   15.669   15.724   16.031   16.068   16.094   16.104
            0.037366  0.934157 -0.000000
  -99.714  -57.299  -57.299  -56.755  -19.149  -19.095   -6.419   -5.974   -5.451   -4.917
   -2.894   -2.595   -2.488   -2.445   -1.566   -1.460    6.085    7.540    7.880    7.995
    8.670    8.681    9.177    9.236    9.705    9.753    9.793   10.350   10.465   11.298
   11.345   11.525   12.653   15.588   15.669   15.725   16.030   16.067   16.093   16.102
            0.056049  0.934157 -0.000000
  -99.714  -57.299  -57.299  -56.755  -19.149  -19.095   -6.417   -5.974   -5.449   -4.917
   -2.895   -2.601   -2.492   -2.442   -1.568   -1.462    6.081    7.546    7.864    7.982
    8.667    8.698    9.180    9.235    9.695    9.766    9.793   10.341   10.482   11.295
   11.363   11.525   12.660   15.588   15.670   15.725   16.029   16.067   16.092   16.097
            0.074733  0.934157  0.000000
  -99.714  -57.299  -57.299  -56.755  -19.149  -19.094   -6.414   -5.973   -5.447   -4.918
   -2.896   -2.609   -2.498   -2.438   -1.571   -1.465    6.077    7.554    7.842    7.965
    8.662    8.720    9.185    9.234    9.686    9.780    9.792   10.331   10.503   11.293
   11.386   11.525   12.671   15.589   15.671   15.726   16.028   16.066   16.090   16.092
            0.093416  0.934157 -0.000000
  -99.714  -57.299  -57.299  -56.755  -19.148  -19.094   -6.411   -5.973   -5.443   -4.919
   -2.898   -2.619   -2.505   -2.434   -1.574   -1.469    6.072    7.565    7.816    7.944
    8.656    8.746    9.190    9.233    9.678    9.791    9.795   10.322   10.526   11.291
   11.412   11.525   12.685   15.591   15.673   15.727   16.025   16.064   16.086   16.088
            0.112099  0.934157 -0.000000
  -99.714  -57.299  -57.299  -56.755  -19.147  -19.093   -6.407   -5.972   -5.439   -4.920
   -2.901   -2.629   -2.513   -2.429   -1.578   -1.474    6.065    7.577    7.787    7.918
    8.649    8.775    9.196    9.231    9.673    9.790    9.810   10.314   10.551   11.290
   11.442   11.524   12.703   15.592   15.675   15.728   16.023   16.063   16.080   16.084
            0.130782  0.934157  0.000000
  -99.714  -57.299  -57.299  -56.755  -19.147  -19.092   -6.402   -5.971   -5.434   -4.921
   -2.903   -2.641   -2.523   -2.425   -1.583   -1.480    6.057    7.592    7.755    7.889
    8.640    8.806    9.203    9.229    9.669    9.789    9.825   10.307   10.577   11.290
   11.475   11.524   12.724   15.594   15.677   15.730   16.020   16.061   16.073   16.079
            0.149465  0.934157 -0.000000
  -99.714  -57.299  -57.299  -56.755  -19.146  -19.092   -6.396   -5.970   -5.429   -4.922
   -2.907   -2.652   -2.534   -2.422   -1.588   -1.487    6.048    7.609    7.720    7.857
    8.631    8.838    9.210    9.226    9.669    9.788    9.842   10.301   10.605   11.290
   11.511   11.524   12.748   15.596   15.679   15.731   16.016   16.059   16.067   16.074
            0.168148  0.934157  0.000000
  -99.714  -57.299  -57.299  -56.755  -19.145  -19.091   -6.390   -5.968   -5.422   -4.924
   -2.910   -2.665   -2.547   -2.419   -1.594   -1.495    6.037    7.628    7.685    7.822
    8.620    8.871    9.217    9.223    9.672    9.786    9.859   10.297   10.633   11.290
   11.524   11.548   12.777   15.598   15.682   15.733   16.012   16.057   16.061   16.067
            0.186831  0.934157 -0.000000
  -99.714  -57.299  -57.299  -56.755  -19.144  -19.090   -6.383   -5.967   -5.415   -4.926
   -2.915   -2.677   -2.561   -2.416   -1.600   -1.504    6.025    7.648    7.648    7.785
    8.608    8.903    9.221    9.224    9.680    9.785    9.878   10.295   10.663   11.291
   11.524   11.585   12.809   15.601   15.685   15.735   16.008   16.054   16.054   16.061
            0.205515  0.934157 -0.000000
  -99.714  -57.299  -57.299  -56.755  -19.142  -19.089   -6.376   -5.966   -5.407   -4.928
   -2.920   -2.689   -2.575   -2.415   -1.607   -1.514    6.011    7.610    7.670    7.746
    8.596    8.934    9.217    9.231    9.691    9.784    9.897   10.294   10.693   11.292
   11.524   11.623   12.846   15.604   15.688   15.737   16.003   16.048   16.048   16.056
            0.224198  0.934157  0.000000
  -99.714  -57.299  -57.299  -56.755  -19.141  -19.088   -6.367   -5.964   -5.399   -4.930
   -2.925   -2.701   -2.591   -2.414   -1.614   -1.524    5.997    7.572    7.693    7.707
    8.583    8.964    9.214    9.236    9.708    9.783    9.917   10.294   10.725   11.292
   11.524   11.661   12.886   15.607   15.692   15.740   15.997   16.041   16.042   16.053
            0.242881  0.934157 -0.000000
  -99.714  -57.299  -57.299  -56.755  -19.140  -19.086   -6.358   -5.963   -5.390   -4.933
   -2.931   -2.712   -2.608   -2.414   -1.622   -1.536    5.980    7.534    7.666    7.718
    8.568    8.992    9.211    9.241    9.729    9.782    9.938   10.296   10.756   11.293
   11.525   11.698   12.931   15.610   15.696   15.742   15.991   16.032   16.037   16.050
            0.261564  0.934157  0.000000
  -99.714  -57.299  -57.299  -56.755  -19.138  -19.085   -6.349   -5.961   -5.380   -4.935
   -2.938   -2.723   -2.625   -2.416   -1.630   -1.548    5.962    7.495    7.626    7.743
    8.554    9.018    9.207    9.246    9.754    9.781    9.959   10.299   10.789   11.294
   11.525   11.733   12.979   15.614   15.699   15.745   15.985   16.024   16.031   16.048
            0.280247  0.934157 -0.000000
  -99.714  -57.299  -57.299  -56.755  -19.137  -19.084   -6.339   -5.960   -5.370   -4.938
   -2.945   -2.733   -2.643   -2.418   -1.639   -1.561    5.943    7.456    7.586    7.770
    8.538    9.043    9.204    9.250    9.781    9.783    9.982   10.303   10.821   11.296
   11.526   11.767   13.032   15.618   15.703   15.748   15.978   16.015   16.026   16.045
            0.298930  0.934157 -0.000000
  -99.714  -57.299  -57.299  -56.755  -19.135  -19.082   -6.328   -5.959   -5.359   -4.941
   -2.954   -2.743   -2.662   -2.421   -1.647   -1.575    5.922    7.416    7.547    7.797
    8.522    9.065    9.200    9.254    9.780    9.815   10.006   10.309   10.854   11.297
   11.526   11.799   13.087   15.622   15.708   15.750   15.971   16.007   16.021   16.046
            0.317613  0.934157 -0.000000
  -99.714  -57.299  -57.299  -56.755  -19.133  -19.081   -6.317   -5.957   -5.347   -4.945
   -2.963   -2.752   -2.681   -2.425   -1.656   -1.590    5.900    7.377    7.510    7.824
    8.506    9.084    9.197    9.258    9.780    9.850   10.030   10.315   10.888   11.298
   11.527   11.829   13.146   15.626   15.712   15.753   15.964   15.998   16.016   16.039
            0.336296  0.934157 -0.000000
  -99.714  -57.299  -57.299  -56.755  -19.131  -19.079   -6.305   -5.956   -5.335   -4.948
   -2.972   -2.760   -2.701   -2.430   -1.665   -1.606    5.876    7.338    7.473    7.852
    8.489    9.102    9.194    9.263    9.780    9.887   10.057   10.323   10.921   11.299
   11.528   11.857   13.208   15.630   15.716   15.757   15.957   15.990   16.012   16.032
            0.354980  0.934157  0.000000
  -99.714  -57.299  -57.299  -56.755  -19.130  -19.077   -6.293   -5.954   -5.323   -4.952
   -2.983   -2.767   -2.721   -2.436   -1.675   -1.623    5.851    7.300    7.439    7.879
    8.472    9.116    9.191    9.269    9.781    9.925   10.084   10.332   10.955   11.300
   11.529   11.883   13.273   15.634   15.720   15.760   15.949   15.982   16.007   16.024
            0.373663  0.934157 -0.000000
  -99.714  -57.299  -57.299  -56.755  -19.128  -19.076   -6.280   -5.953   -5.310   -4.956
   -2.994   -2.773   -2.740   -2.442   -1.684   -1.641    5.824    7.261    7.406    7.907
    8.455    9.128    9.189    9.277    9.781    9.964   10.113   10.341   10.988   11.302
   11.531   11.908   13.339   15.639   15.724   15.763   15.942   15.974   16.003   16.017
            0.392346  0.934157 -0.000000
  -99.714  -57.299  -57.299  -56.755  -19.126  -19.074   -6.267   -5.952   -5.296   -4.960
   -3.006   -2.777   -2.760   -2.450   -1.693   -1.659    5.796    7.224    7.375    7.933
    8.438    9.137    9.188    9.285    9.782   10.002   10.144   10.352   11.022   11.303
   11.532   11.930   13.408   15.644   15.729   15.766   15.935   15.967   15.998   16.009
            0.411029  0.934157  0.000000
  -99.714  -57.299  -57.299  -56.755  -19.124  -19.072   -6.254   -5.951   -5.282   -4.964
   -3.020   -2.781   -2.780   -2.458   -1.703   -1.678    5.767    7.188    7.346    7.960
    8.420    9.144    9.187    9.295    9.783   10.039   10.178   10.363   11.055   11.304
   11.534   11.951   13.477   15.648   15.733   15.770   15.928   15.960   15.994   16.002
            0.429712  0.934157 -0.000000
  -99.714  -57.299  -57.299  -56.755  -19.122  -19.071   -6.240   -5.950   -5.268   -4.969
   -3.033   -2.799   -2.784   -2.467   -1.712   -1.698    5.737    7.153    7.318    7.985
    8.403    9.150    9.186    9.305    9.783   10.075   10.213   10.375   11.088   11.306
   11.536   11.971   13.548   15.653   15.736   15.773   15.921   15.952   15.990   15.995
            0.448395  0.934157  0.000000
  -99.714  -57.299  -57.299  -56.755  -19.120  -19.069   -6.226   -5.949   -5.253   -4.973
   -3.048   -2.818   -2.785   -2.476   -1.721   -1.719    5.705    7.119    7.292    8.009
    8.386    9.154    9.187    9.316    9.784   10.109   10.250   10.387   11.121   11.307
   11.539   11.989   13.619   15.658   15.740   15.777   15.915   15.946   15.985   15.989
            0.467078  0.934157 -0.000000
  -99.714  -57.299  -57.299  -56.755  -19.118  -19.067   -6.212   -5.949   -5.238   -4.978
   -3.064   -2.837   -2.785   -2.486   -1.741   -1.730    5.673    7.087    7.268    8.032
    8.369    9.157    9.188    9.327    9.784   10.142   10.289   10.401   11.153   11.309
   11.541   12.005   13.691   15.662   15.743   15.780   15.909   15.939   15.979   15.984
            0.485762  0.934157 -0.000000
  -99.714  -57.299  -57.299  -56.755  -19.116  -19.065   -6.197   -5.948   -5.223   -4.983
   -3.080   -2.855   -2.784   -2.496   -1.763   -1.739    5.639    7.057    7.244    8.054
    8.352    9.160    9.191    9.338    9.785   10.173   10.329   10.414   11.184   11.310
   11.544   12.021   13.762   15.667   15.746   15.784   15.904   15.933   15.972   15.980
            0.504445  0.934157 -0.000000
  -99.714  -57.299  -57.299  -56.755  -19.114  -19.063   -6.183   -5.948   -5.208   -4.988
   -3.096   -2.873   -2.782   -2.507   -1.786   -1.747    5.606    7.028    7.223    8.074
    8.336    9.162    9.195    9.348    9.785   10.204   10.370   10.429   11.216   11.311
   11.547   12.035   13.833   15.671   15.748   15.787   15.899   15.927   15.965   15.977
            0.523128  0.934157 -0.000000
  -99.714  -57.299  -57.299  -56.755  -19.112  -19.062   -6.168   -5.948   -5.192   -4.993
   -3.114   -2.891   -2.778   -2.518   -1.810   -1.756    5.571    7.001    7.202    8.093
    8.320    9.164    9.200    9.357    9.784   10.233   10.410   10.443   11.246   11.313
   11.550   12.048   13.903   15.676   15.750   15.791   15.895   15.921   15.958   15.974
            0.541811  0.934157 -0.000000
  -99.714  -57.299  -57.299  -56.755  -19.110  -19.060   -6.153   -5.948   -5.177   -4.997
   -3.131   -2.908   -2.773   -2.529   -1.834   -1.764    5.537    6.976    7.183    8.109
    8.305    9.166    9.206    9.366    9.783   10.261   10.450   10.458   11.276   11.314
   11.554   12.060   13.972   15.680   15.752   15.794   15.892   15.915   15.951   15.971
            0.560494  0.934157 -0.000000
  -99.714  -57.299  -57.299  -56.755  -19.108  -19.058   -6.138   -5.948   -5.161   -5.002
   -3.149   -2.924   -2.767   -2.540   -1.859   -1.771    5.503    6.953    7.165    8.124
    8.290    9.168    9.213    9.374    9.782   10.289   10.473   10.490   11.304   11.315
   11.558   12.072   14.040   15.684   15.753   15.798   15.890   15.910   15.944   15.968
            0.579177  0.934157 -0.000000
  -99.714  -57.299  -57.299  -56.755  -19.106  -19.057   -6.124   -5.948   -5.146   -5.007
   -3.167   -2.940   -2.759   -2.552   -1.884   -1.779    5.469    6.931    7.149    8.137
    8.277    9.171    9.221    9.381    9.779   10.317   10.489   10.528   11.317   11.332
   11.562   12.082   14.106   15.688   15.754   15.801   15.888   15.904   15.938   15.966
            0.597860  0.934157 -0.000000
  -99.714  -57.299  -57.299  -56.755  -19.104  -19.055   -6.109   -5.949   -5.130   -5.012
   -3.185   -2.956   -2.751   -2.563   -1.910   -1.785    5.435    6.911    7.133    8.147
    8.264    9.173    9.231    9.388    9.777   10.343   10.504   10.565   11.319   11.359
   11.566   12.092   14.170   15.692   15.754   15.805   15.886   15.899   15.931   15.964
            0.616544  0.934157 -0.000000
  -99.714  -57.299  -57.299  -56.755  -19.103  -19.053   -6.095   -5.949   -5.115   -5.017
   -3.202   -2.971   -2.741   -2.574   -1.936   -1.792    5.402    6.893    7.119    8.155
    8.254    9.176    9.242    9.393    9.773   10.370   10.519   10.600   11.320   11.385
   11.570   12.101   14.232   15.696   15.754   15.808   15.886   15.895   15.925   15.962
            0.635227  0.934157 -0.000000
  -99.714  -57.299  -57.299  -56.755  -19.101  -19.052   -6.081   -5.950   -5.100   -5.022
   -3.220   -2.986   -2.730   -2.585   -1.963   -1.798    5.370    6.876    7.105    8.159
    8.246    9.179    9.254    9.397    9.769   10.395   10.534   10.633   11.322   11.410
   11.575   12.110   14.292   15.699   15.753   15.811   15.885   15.890   15.919   15.960
            0.653910  0.934157 -0.000000
  -99.714  -57.299  -57.299  -56.755  -19.099  -19.050   -6.067   -5.951   -5.085   -5.027
   -3.237   -3.000   -2.718   -2.595   -1.990   -1.804    5.338    6.861    7.093    8.160
    8.240    9.182    9.266    9.401    9.764   10.420   10.549   10.665   11.324   11.433
   11.579   12.117   14.350   15.702   15.752   15.814   15.885   15.886   15.913   15.958
            0.672593  0.934157 -0.000000
  -99.714  -57.299  -57.299  -56.755  -19.098  -19.049   -6.054   -5.952   -5.071   -5.031
   -3.253   -3.013   -2.705   -2.604   -2.018   -1.809    5.308    6.847    7.081    8.158
    8.237    9.186    9.280    9.403    9.758   10.444   10.563   10.694   11.326   11.455
   11.584   12.124   14.405   15.705   15.752   15.817   15.881   15.886   15.907   15.957
            0.691276  0.934157 -0.000000
  -99.714  -57.299  -57.299  -56.755  -19.096  -19.047   -6.042   -5.953   -5.057   -5.036
   -3.269   -3.026   -2.692   -2.613   -2.045   -1.814    5.280    6.834    7.071    8.154
    8.236    9.190    9.294    9.405    9.751   10.468   10.577   10.721   11.328   11.476
   11.589   12.131   14.457   15.708   15.751   15.820   15.877   15.886   15.902   15.956
            0.709959  0.934157 -0.000000
  -99.714  -57.299  -57.299  -56.755  -19.095  -19.046   -6.030   -5.954   -5.044   -5.040
   -3.284   -3.038   -2.679   -2.620   -2.073   -1.819    5.252    6.822    7.061    8.148
    8.236    9.194    9.309    9.406    9.744   10.490   10.590   10.746   11.330   11.495
   11.595   12.137   14.506   15.710   15.750   15.823   15.874   15.886   15.897   15.955
            0.728642  0.934157 -0.000000
  -99.714  -57.299  -57.299  -56.755  -19.093  -19.045   -6.018   -5.954   -5.044   -5.031
   -3.299   -3.050   -2.669   -2.623   -2.101   -1.823    5.227    6.812    7.052    8.141
    8.238    9.198    9.325    9.406    9.735   10.512   10.603   10.769   11.333   11.512
   11.600   12.142   14.551   15.712   15.749   15.825   15.870   15.884   15.895   15.954
            0.747326  0.934157 -0.000000
  -99.714  -57.299  -57.299  -56.755  -19.092  -19.044   -6.008   -5.955   -5.048   -5.019
   -3.312   -3.060   -2.664   -2.618   -2.129   -1.827    5.203    6.802    7.045    8.133
    8.239    9.202    9.341    9.405    9.727   10.532   10.615   10.789   11.335   11.528
   11.606   12.147   14.594   15.714   15.748   15.827   15.867   15.881   15.895   15.953
            0.766009  0.934157 -0.000000
  -99.714  -57.299  -57.299  -56.755  -19.091  -19.043   -5.998   -5.956   -5.051   -5.008
   -3.324   -3.070   -2.665   -2.606   -2.157   -1.830    5.181    6.794    7.038    8.126
    8.240    9.206    9.357    9.404    9.717   10.551   10.625   10.806   11.338   11.541
   11.612   12.152   14.633   15.716   15.748   15.829   15.864   15.877   15.895   15.953
            0.784692  0.934157 -0.000000
  -99.714  -57.299  -57.299  -56.755  -19.090  -19.042   -5.989   -5.956   -5.054   -4.998
   -3.336   -3.079   -2.669   -2.589   -2.185   -1.833    5.162    6.787    7.031    8.119
    8.241    9.211    9.373    9.403    9.708   10.569   10.635   10.822   11.340   11.553
   11.617   12.155   14.668   15.717   15.747   15.831   15.862   15.873   15.896   15.953
            0.803375  0.934157 -0.000000
  -99.714  -57.299  -57.299  -56.755  -19.089  -19.041   -5.982   -5.956   -5.057   -4.989
   -3.346   -3.087   -2.674   -2.570   -2.213   -1.836    5.144    6.781    7.026    8.113
    8.242    9.215    9.388    9.401    9.698   10.585   10.644   10.835   11.343   11.564
   11.623   12.159   14.699   15.718   15.747   15.832   15.860   15.869   15.897   15.952
            0.822058  0.934157 -0.000000
  -99.714  -57.299  -57.299  -56.755  -19.088  -19.040   -5.976   -5.956   -5.060   -4.981
   -3.355   -3.094   -2.679   -2.549   -2.241   -1.838    5.128    6.775    7.021    8.108
    8.243    9.218    9.400    9.403    9.688   10.599   10.652   10.846   11.346   11.572
   11.629   12.162   14.727   15.720   15.746   15.833   15.858   15.865   15.898   15.952
            0.840741  0.934157 -0.000000
  -99.714  -57.299  -57.299  -56.755  -19.088  -19.040   -5.972   -5.954   -5.062   -4.974
   -3.362   -3.101   -2.684   -2.528   -2.269   -1.840    5.115    6.771    7.017    8.103
    8.244    9.222    9.398    9.418    9.678   10.612   10.659   10.855   11.348   11.578
   11.634   12.164   14.750   15.720   15.746   15.834   15.856   15.862   15.899   15.952
            0.859424  0.934157 -0.000000
  -99.714  -57.299  -57.299  -56.755  -19.087  -19.039   -5.970   -5.952   -5.064   -4.968
   -3.369   -3.106   -2.687   -2.505   -2.296   -1.841    5.104    6.767    7.014    8.099
    8.244    9.225    9.396    9.430    9.668   10.622   10.664   10.862   11.350   11.584
   11.639   12.166   14.770   15.721   15.746   15.835   15.855   15.859   15.899   15.952
            0.878107  0.934157 -0.000000
  -99.714  -57.299  -57.299  -56.755  -19.086  -19.039   -5.968   -5.949   -5.065   -4.964
   -3.374   -3.110   -2.690   -2.482   -2.323   -1.842    5.096    6.764    7.012    8.096
    8.244    9.227    9.395    9.441    9.660   10.630   10.668   10.867   11.351   11.588
   11.643   12.168   14.785   15.722   15.746   15.835   15.855   15.857   15.900   15.952
            0.896791  0.934157 -0.000000
  -99.714  -57.299  -57.299  -56.755  -19.086  -19.039   -5.968   -5.947   -5.066   -4.961
   -3.377   -3.112   -2.692   -2.459   -2.348   -1.843    5.089    6.762    7.010    8.094
    8.245    9.229    9.393    9.450    9.654   10.636   10.672   10.871   11.353   11.590
   11.646   12.169   14.796   15.722   15.746   15.835   15.854   15.856   15.900   15.952
            0.915474  0.934157 -0.000000
  -99.714  -57.299  -57.299  -56.755  -19.086  -19.038   -5.968   -5.946   -5.067   -4.959
   -3.380   -3.114   -2.694   -2.437   -2.372   -1.844    5.086    6.761    7.009    8.092
    8.245    9.230    9.393    9.455    9.650   10.640   10.673   10.873   11.353   11.592
   11.648   12.169   14.802   15.722   15.746   15.835   15.854   15.855   15.901   15.952
            0.934157  0.934157 -0.000000
  -99.714  -57.299  -57.299  -56.755  -19.086  -19.038   -5.968   -5.945   -5.067   -4.958
   -3.380   -3.115   -2.694   -2.425   -2.385   -1.844    5.085    6.761    7.009    8.092
    8.245    9.231    9.392    9.457    9.648   10.641   10.674   10.874   11.354   11.592
   11.648   12.170   14.805   15.722   15.746   15.835   15.854   15.854   15.901   15.952
            0.915474  0.915474 -0.000000
  -99.714  -57.299  -57.299  -56.755  -19.086  -19.039   -5.969   -5.945   -5.069   -4.959
   -3.380   -3.113   -2.692   -2.425   -2.383   -1.844    5.087    6.762    7.009    8.093
    8.244    9.229    9.394    9.457    9.648   10.640   10.672   10.873   11.353   11.591
   11.647   12.169   14.800   15.722   15.747   15.835   15.854   15.854   15.900   15.952
            0.896791  0.896791 -0.000000
  -99.714  -57.299  -57.299  -56.755  -19.087  -19.039   -5.971   -5.943   -5.073   -4.962
   -3.378   -3.108   -2.687   -2.425   -2.379   -1.843    5.094    6.764    7.011    8.095
    8.243    9.225    9.398    9.457    9.648   10.635   10.665   10.869   11.352   11.588
   11.644   12.166   14.788   15.720   15.749   15.835   15.855   15.855   15.898   15.953
            0.878107  0.878107 -0.000000
  -99.714  -57.299  -57.299  -56.755  -19.087  -19.039   -5.976   -5.939   -5.081   -4.966
   -3.375   -3.099   -2.679   -2.425   -2.371   -1.842    5.105    6.768    7.014    8.099
    8.240    9.218    9.404    9.457    9.648   10.628   10.654   10.863   11.350   11.583
   11.639   12.162   14.767   15.717   15.752   15.836   15.855   15.856   15.894   15.954
            0.859424  0.859424 -0.000000
  -99.714  -57.299  -57.299  -56.755  -19.089  -19.039   -5.982   -5.934   -5.091   -4.972
   -3.370   -3.088   -2.668   -2.426   -2.361   -1.841    5.121    6.773    7.018    8.104
    8.236    9.210    9.411    9.456    9.648   10.617   10.639   10.855   11.347   11.575
   11.631   12.156   14.738   15.713   15.756   15.836   15.856   15.858   15.889   15.955
            0.840741  0.840741 -0.000000
  -99.714  -57.299  -57.299  -56.755  -19.090  -19.040   -5.991   -5.928   -5.104   -4.979
   -3.365   -3.073   -2.654   -2.426   -2.349   -1.840    5.141    6.781    7.024    8.111
    8.231    9.201    9.418    9.456    9.647   10.603   10.621   10.845   11.344   11.566
   11.622   12.148   14.701   15.708   15.761   15.838   15.857   15.860   15.883   15.957
            0.822058  0.822058 -0.000000
  -99.714  -57.299  -57.299  -56.755  -19.092  -19.041   -6.000   -5.921   -5.119   -4.988
   -3.358   -3.056   -2.637   -2.426   -2.333   -1.838    5.166    6.789    7.031    8.119
    8.225    9.191    9.425    9.455    9.646   10.586   10.599   10.834   11.339   11.555
   11.610   12.139   14.658   15.702   15.768   15.839   15.858   15.861   15.875   15.960
            0.803375  0.803375 -0.000000
  -99.714  -57.299  -57.299  -56.755  -19.094  -19.042   -6.012   -5.912   -5.136   -4.998
   -3.350   -3.036   -2.618   -2.427   -2.315   -1.836    5.194    6.799    7.040    8.129
    8.218    9.181    9.432    9.455    9.645   10.565   10.576   10.822   11.334   11.543
   11.596   12.128   14.608   15.696   15.775   15.842   15.857   15.863   15.869   15.963
            0.784692  0.784692 -0.000000
  -99.714  -57.299  -57.299  -56.755  -19.097  -19.043   -6.025   -5.902   -5.155   -5.008
   -3.341   -3.014   -2.597   -2.427   -2.295   -1.834    5.227    6.811    7.052    8.140
    8.209    9.172    9.437    9.455    9.642   10.541   10.551   10.809   11.328   11.529
   11.580   12.115   14.551   15.688   15.783   15.844   15.850   15.864   15.867   15.966
            0.766009  0.766009 -0.000000
  -99.714  -57.299  -57.299  -56.755  -19.100  -19.044   -6.040   -5.891   -5.176   -5.019
   -3.330   -2.991   -2.574   -2.428   -2.273   -1.831    5.264    6.824    7.066    8.153
    8.199    9.164    9.441    9.454    9.639   10.513   10.525   10.795   11.321   11.515
   11.562   12.101   14.490   15.680   15.791   15.839   15.848   15.865   15.868   15.971
            0.747326  0.747326 -0.000000
  -99.714  -57.299  -57.299  -56.755  -19.103  -19.045   -6.056   -5.878   -5.197   -5.030
   -3.319   -2.966   -2.550   -2.429   -2.248   -1.829    5.304    6.838    7.082    8.167
    8.188    9.156    9.443    9.454    9.635   10.482   10.500   10.781   11.313   11.499
   11.542   12.085   14.423   15.672   15.800   15.825   15.851   15.866   15.871   15.975
            0.728642  0.728642 -0.000000
  -99.714  -57.299  -57.299  -56.755  -19.106  -19.046   -6.073   -5.864   -5.219   -5.041
   -3.306   -2.940   -2.526   -2.430   -2.222   -1.826    5.347    6.854    7.102    8.175
    8.181    9.149    9.443    9.454    9.630   10.447   10.475   10.768   11.304   11.483
   11.521   12.068   14.351   15.664   15.809   15.809   15.856   15.866   15.874   15.981
            0.709959  0.709959 -0.000000
  -99.714  -57.299  -57.299  -56.755  -19.110  -19.047   -6.092   -5.849   -5.241   -5.051
   -3.293   -2.914   -2.500   -2.431   -2.194   -1.823    5.394    6.871    7.124    8.160
    8.198    9.144    9.441    9.455    9.623   10.410   10.452   10.754   11.295   11.467
   11.497   12.049   14.275   15.656   15.791   15.819   15.860   15.865   15.877   15.987
            0.691276  0.691276 -0.000000
  -99.714  -57.299  -57.299  -56.755  -19.114  -19.049   -6.112   -5.833   -5.264   -5.061
   -3.278   -2.888   -2.475   -2.432   -2.165   -1.820    5.444    6.889    7.151    8.145
    8.215    9.139    9.437    9.456    9.616   10.370   10.431   10.740   11.284   11.450
   11.471   12.029   14.195   15.648   15.772   15.829   15.864   15.865   15.881   15.994
            0.672593  0.672593 -0.000000
  -99.714  -57.299  -57.299  -56.755  -19.118  -19.051   -6.133   -5.816   -5.285   -5.070
   -3.263   -2.861   -2.451   -2.434   -2.134   -1.817    5.497    6.908    7.181    8.127
    8.233    9.135    9.431    9.457    9.608   10.328   10.412   10.727   11.273   11.433
   11.443   12.008   14.112   15.640   15.751   15.839   15.862   15.870   15.884   16.001
            0.653910  0.653910 -0.000000
  -99.714  -57.299  -57.299  -56.755  -19.123  -19.052   -6.156   -5.798   -5.306   -5.079
   -3.246   -2.835   -2.436   -2.427   -2.102   -1.814    5.552    6.928    7.215    8.108
    8.252    9.133    9.424    9.459    9.600   10.284   10.396   10.714   11.261   11.414
   11.416   11.985   14.026   15.632   15.727   15.849   15.859   15.875   15.889   16.008
            0.635227  0.635227 -0.000000
  -99.714  -57.299  -57.299  -56.755  -19.127  -19.054   -6.179   -5.778   -5.326   -5.086
   -3.229   -2.809   -2.438   -2.404   -2.068   -1.812    5.609    6.950    7.254    8.088
    8.272    9.132    9.415    9.461    9.592   10.239   10.383   10.701   11.248   11.382
   11.399   11.961   13.936   15.624   15.701   15.855   15.859   15.880   15.893   16.017
            0.616544  0.616544 -0.000000
  -99.714  -57.299  -57.299  -56.755  -19.132  -19.056   -6.204   -5.758   -5.345   -5.092
   -3.211   -2.785   -2.440   -2.382   -2.034   -1.810    5.669    6.972    7.297    8.067
    8.293    9.131    9.406    9.464    9.584   10.193   10.372   10.688   11.233   11.349
   11.382   11.936   13.844   15.617   15.673   15.851   15.869   15.884   15.898   16.025
            0.597860  0.597860 -0.000000
  -99.714  -57.299  -57.299  -56.755  -19.137  -19.058   -6.230   -5.737   -5.362   -5.097
   -3.192   -2.761   -2.443   -2.363   -2.000   -1.808    5.730    6.994    7.344    8.045
    8.314    9.131    9.395    9.468    9.577   10.147   10.363   10.676   11.218   11.314
   11.366   11.910   13.750   15.610   15.642   15.845   15.879   15.889   15.902   16.035
            0.579177  0.579177 -0.000000
  -99.714  -57.299  -57.299  -56.755  -19.142  -19.060   -6.257   -5.715   -5.377   -5.100
   -3.173   -2.738   -2.446   -2.345   -1.964   -1.808    5.793    7.018    7.396    8.022
    8.336    9.131    9.386    9.473    9.571   10.100   10.356   10.664   11.201   11.278
   11.350   11.884   13.654   15.603   15.609   15.839   15.888   15.893   15.907   16.044
            0.560494  0.560494 -0.000000
  -99.714  -57.299  -57.299  -56.755  -19.148  -19.062   -6.285   -5.692   -5.390   -5.101
   -3.153   -2.717   -2.449   -2.330   -1.929   -1.808    5.857    7.041    7.453    7.999
    8.358    9.131    9.377    9.478    9.566   10.055   10.351   10.652   11.183   11.240
   11.335   11.856   13.557   15.573   15.596   15.831   15.897   15.898   15.913   16.054
            0.541811  0.541811 -0.000000
  -99.714  -57.299  -57.299  -56.755  -19.153  -19.064   -6.313   -5.668   -5.400   -5.101
   -3.132   -2.697   -2.453   -2.316   -1.893   -1.809    5.923    7.065    7.514    7.975
    8.380    9.130    9.371    9.485    9.564   10.010   10.348   10.642   11.164   11.201
   11.320   11.828   13.457   15.534   15.589   15.822   15.900   15.907   15.918   16.063
            0.523128  0.523128 -0.000000
  -99.714  -57.299  -57.299  -56.755  -19.159  -19.066   -6.343   -5.644   -5.409   -5.099
   -3.111   -2.679   -2.457   -2.306   -1.858   -1.811    5.989    7.089    7.579    7.952
    8.403    9.128    9.369    9.493    9.563    9.966   10.345   10.631   11.143   11.160
   11.307   11.800   13.357   15.492   15.582   15.812   15.904   15.916   15.923   16.061
            0.504445  0.504445 -0.000000
  -99.714  -57.299  -57.299  -56.755  -19.164  -19.069   -6.372   -5.619   -5.415   -5.095
   -3.090   -2.662   -2.461   -2.298   -1.822   -1.814    6.056    7.113    7.649    7.930
    8.425    9.123    9.371    9.502    9.565    9.924   10.344   10.621   11.119   11.120
   11.294   11.771   13.255   15.448   15.575   15.801   15.907   15.925   15.928   16.062
            0.485762  0.485762 -0.000000
  -99.714  -57.299  -57.299  -56.755  -19.170  -19.071   -6.403   -5.594   -5.419   -5.089
   -3.068   -2.646   -2.466   -2.292   -1.819   -1.788    6.124    7.137    7.722    7.908
    8.448    9.116    9.379    9.512    9.568    9.884   10.342   10.612   11.076   11.096
   11.282   11.743   13.152   15.401   15.568   15.787   15.910   15.933   15.934   16.063
            0.467078  0.467078 -0.000000
  -99.714  -57.299  -57.299  -56.755  -19.176  -19.073   -6.433   -5.568   -5.420   -5.081
   -3.046   -2.633   -2.471   -2.289   -1.825   -1.753    6.193    7.161    7.799    7.888
    8.470    9.106    9.392    9.523    9.574    9.847   10.342   10.604   11.032   11.070
   11.271   11.714   13.049   15.351   15.561   15.772   15.912   15.939   15.942   16.065
            0.448395  0.448395 -0.000000
  -99.714  -57.299  -57.299  -56.755  -19.181  -19.075   -6.464   -5.542   -5.419   -5.072
   -3.024   -2.621   -2.476   -2.289   -1.833   -1.720    6.261    7.184    7.870    7.879
    8.492    9.093    9.413    9.536    9.581    9.813   10.341   10.596   10.987   11.042
   11.261   11.686   12.945   15.299   15.553   15.754   15.914   15.944   15.949   16.068
            0.429712  0.429712 -0.000000
  -99.714  -57.299  -57.299  -56.755  -19.187  -19.078   -6.495   -5.515   -5.415   -5.061
   -3.002   -2.610   -2.482   -2.291   -1.843   -1.688    6.330    7.206    7.854    7.962
    8.514    9.079    9.439    9.550    9.590    9.782   10.340   10.589   10.942   11.012
   11.252   11.658   12.841   15.245   15.546   15.734   15.916   15.949   15.957   16.071
            0.411029  0.411029 -0.000000
  -99.714  -57.299  -57.299  -56.755  -19.193  -19.080   -6.525   -5.489   -5.410   -5.048
   -2.980   -2.601   -2.488   -2.296   -1.854   -1.656    6.398    7.227    7.840    8.046
    8.536    9.064    9.471    9.564    9.600    9.754   10.339   10.583   10.896   10.980
   11.244   11.631   12.737   15.189   15.538   15.711   15.918   15.953   15.963   16.074
            0.392346  0.392346 -0.000000
  -99.714  -57.299  -57.299  -56.755  -19.198  -19.082   -6.555   -5.462   -5.402   -5.033
   -2.958   -2.594   -2.495   -2.303   -1.866   -1.626    6.467    7.247    7.828    8.132
    8.557    9.049    9.509    9.580    9.612    9.731   10.338   10.578   10.850   10.946
   11.237   11.605   12.632   15.132   15.531   15.685   15.920   15.958   15.970   16.078
            0.373663  0.373663 -0.000000
  -99.714  -57.299  -57.299  -56.755  -19.204  -19.084   -6.585   -5.435   -5.393   -5.017
   -2.937   -2.588   -2.502   -2.313   -1.880   -1.596    6.534    7.266    7.819    8.219
    8.577    9.034    9.553    9.597    9.625    9.712   10.336   10.574   10.804   10.910
   11.231   11.579   12.528   15.074   15.523   15.655   15.922   15.961   15.975   16.082
            0.354980  0.354980 -0.000000
  -99.714  -57.299  -57.299  -56.755  -19.209  -19.087   -6.614   -5.409   -5.381   -4.999
   -2.916   -2.584   -2.509   -2.325   -1.896   -1.568    6.601    7.284    7.813    8.306
    8.597    9.019    9.602    9.614    9.638    9.697   10.334   10.571   10.759   10.872
   11.226   11.554   12.424   15.016   15.516   15.621   15.923   15.965   15.980   16.087
            0.336296  0.336296 -0.000000
  -99.714  -57.299  -57.299  -56.755  -19.214  -19.089   -6.642   -5.383   -5.369   -4.980
   -2.895   -2.581   -2.516   -2.338   -1.912   -1.541    6.667    7.299    7.809    8.391
    8.617    9.007    9.632    9.652    9.656    9.687   10.332   10.568   10.713   10.833
   11.221   11.530   12.320   14.958   15.508   15.584   15.925   15.968   15.984   16.092
            0.317613  0.317613 -0.000000
  -99.714  -57.299  -57.299  -56.755  -19.219  -19.091   -6.670   -5.357   -5.354   -4.960
   -2.874   -2.580   -2.524   -2.354   -1.930   -1.516    6.731    7.314    7.808    8.474
    8.636    8.997    9.650    9.666    9.682    9.715   10.329   10.567   10.669   10.792
   11.217   11.506   12.217   14.900   15.501   15.542   15.926   15.970   15.987   16.097
            0.298930  0.298930 -0.000000
  -99.714  -57.299  -57.299  -56.755  -19.224  -19.093   -6.696   -5.339   -5.332   -4.939
   -2.854   -2.580   -2.531   -2.371   -1.949   -1.492    6.794    7.326    7.809    8.552
    8.655    8.992    9.669    9.680    9.681    9.778   10.326   10.566   10.625   10.750
   11.214   11.484   12.115   14.842   15.494   15.496   15.928   15.972   15.989   16.102
            0.280247  0.280247 -0.000000
  -99.714  -57.299  -57.299  -56.755  -19.229  -19.095   -6.722   -5.322   -5.307   -4.916
   -2.835   -2.582   -2.539   -2.390   -1.968   -1.469    6.855    7.337    7.812    8.623
    8.673    8.994    9.686    9.687    9.693    9.845   10.323   10.567   10.583   10.708
   11.211   11.462   12.014   14.786   15.448   15.487   15.929   15.973   15.990   16.108
            0.261564  0.261564 -0.000000
  -99.714  -57.299  -57.299  -56.755  -19.234  -19.097   -6.746   -5.305   -5.284   -4.893
   -2.817   -2.585   -2.547   -2.409   -1.987   -1.448    6.914    7.347    7.818    8.680
    8.690    9.010    9.695    9.704    9.706    9.914   10.319   10.542   10.568   10.665
   11.209   11.440   11.914   14.732   15.397   15.480   15.930   15.974   15.991   16.114
            0.242881  0.242881 -0.000000
  -99.714  -57.299  -57.299  -56.755  -19.238  -19.099   -6.769   -5.287   -5.261   -4.870
   -2.799   -2.590   -2.554   -2.430   -2.006   -1.428    6.970    7.355    7.826    8.707
    8.720    9.041    9.709    9.718    9.721    9.986   10.315   10.504   10.571   10.622
   11.208   11.419   11.815   14.679   15.345   15.473   15.932   15.975   15.990   16.120
            0.224198  0.224198 -0.000000
  -99.714  -57.299  -57.299  -56.755  -19.242  -19.100   -6.790   -5.270   -5.239   -4.846
   -2.783   -2.596   -2.562   -2.451   -2.024   -1.410    7.024    7.361    7.835    8.724
    8.743    9.091    9.727    9.730    9.736   10.057   10.312   10.468   10.574   10.581
   11.206   11.399   11.718   14.629   15.292   15.466   15.933   15.975   15.989   16.116
            0.205515  0.205515 -0.000000
  -99.714  -57.299  -57.299  -56.755  -19.246  -19.102   -6.810   -5.252   -5.218   -4.823
   -2.767   -2.603   -2.569   -2.472   -2.042   -1.393    7.075    7.366    7.845    8.740
    8.751    9.152    9.740    9.749    9.750   10.127   10.308   10.435   10.542   10.579
   11.205   11.379   11.623   14.582   15.239   15.460   15.934   15.975   15.988   16.113
            0.186831  0.186831 -0.000000
  -99.714  -57.299  -57.299  -56.755  -19.250  -19.103   -6.829   -5.234   -5.199   -4.800
   -2.753   -2.611   -2.576   -2.492   -2.059   -1.378    7.123    7.370    7.856    8.751
    8.755    9.222    9.750    9.761    9.775   10.190   10.304   10.404   10.509   10.584
   11.205   11.360   11.529   14.537   15.188   15.454   15.935   15.974   15.986   16.110
            0.168148  0.168148 -0.000000
  -99.714  -57.299  -57.299  -56.755  -19.253  -19.105   -6.845   -5.217   -5.180   -4.778
   -2.739   -2.620   -2.583   -2.512   -2.075   -1.364    7.168    7.373    7.868    8.746
    8.769    9.294    9.758    9.771    9.803   10.238   10.300   10.378   10.490   10.591
   11.204   11.341   11.438   14.496   15.140   15.448   15.937   15.974   15.983   16.108
            0.149465  0.149465 -0.000000
  -99.714  -57.299  -57.299  -56.755  -19.256  -19.106   -6.861   -5.200   -5.164   -4.757
   -2.727   -2.629   -2.589   -2.531   -2.089   -1.351    7.209    7.374    7.879    8.739
    8.783    9.368    9.765    9.779    9.834   10.260   10.297   10.354   10.494   10.599
   11.204   11.323   11.350   14.458   15.094   15.443   15.938   15.973   15.981   16.105
            0.130782  0.130782 -0.000000
  -99.714  -57.299  -57.299  -56.755  -19.258  -19.107   -6.874   -5.185   -5.149   -4.737
   -2.716   -2.638   -2.595   -2.549   -2.102   -1.340    7.246    7.376    7.891    8.730
    8.795    9.441    9.771    9.784    9.866   10.252   10.293   10.335   10.524   10.610
   11.204   11.265   11.306   14.424   15.052   15.437   15.938   15.972   15.979   16.103
            0.112099  0.112099 -0.000000
  -99.714  -57.299  -57.299  -56.755  -19.261  -19.108   -6.886   -5.172   -5.136   -4.719
   -2.707   -2.648   -2.600   -2.566   -2.113   -1.331    7.280    7.376    7.902    8.721
    8.806    9.512    9.776    9.787    9.899   10.224   10.290   10.319   10.569   10.622
   11.184   11.204   11.290   14.395   15.015   15.432   15.939   15.971   15.976   16.056
            0.093416  0.093416 -0.000000
  -99.714  -57.299  -57.299  -56.755  -19.263  -19.109   -6.896   -5.159   -5.125   -4.703
   -2.699   -2.657   -2.604   -2.580   -2.123   -1.323    7.308    7.377    7.912    8.712
    8.816    9.581    9.780    9.789    9.931   10.188   10.288   10.306   10.616   10.637
   11.106   11.204   11.275   14.369   14.983   15.428   15.939   15.971   15.974   16.016
            0.074733  0.074733 -0.000000
  -99.714  -57.299  -57.299  -56.755  -19.264  -19.110   -6.905   -5.149   -5.115   -4.689
   -2.692   -2.664   -2.608   -2.592   -2.131   -1.316    7.332    7.377    7.920    8.705
    8.824    9.646    9.783    9.790    9.960   10.148   10.285   10.297   10.655   10.659
   11.034   11.204   11.262   14.348   14.956   15.423   15.938   15.970   15.972   15.979
            0.056049  0.056049 -0.000000
  -99.714  -57.299  -57.299  -56.755  -19.266  -19.110   -6.911   -5.141   -5.108   -4.679
   -2.687   -2.671   -2.611   -2.602   -2.137   -1.311    7.351    7.377    7.927    8.698
    8.831    9.706    9.785    9.789    9.985   10.106   10.284   10.290   10.677   10.696
   10.967   11.204   11.251   14.331   14.934   15.420   15.930   15.955   15.970   15.971
            0.037366  0.037366 -0.000000
  -99.714  -57.299  -57.299  -56.755  -19.266  -19.111   -6.916   -5.135   -5.103   -4.671
   -2.683   -2.676   -2.613   -2.609   -2.141   -1.307    7.365    7.376    7.932    8.694
    8.836    9.759    9.787    9.789   10.005   10.067   10.282   10.285   10.704   10.724
   10.908   11.204   11.242   14.319   14.919   15.417   15.913   15.948   15.969   15.970
            0.018683  0.018683 -0.000000
  -99.714  -57.299  -57.299  -56.755  -19.267  -19.111   -6.919   -5.131   -5.100   -4.666
   -2.680   -2.679   -2.614   -2.613   -2.143   -1.305    7.374    7.376    7.936    8.691
    8.839    9.788    9.788    9.799   10.017   10.035   10.282   10.282   10.731   10.741
   10.860   11.204   11.237   14.312   14.910   15.416   15.899   15.947   15.969   15.969
            0.000000  0.000000  0.000000
  -99.714  -57.299  -57.299  -56.755  -19.267  -19.111   -6.919   -5.130   -5.098   -4.664
   -2.680   -2.680   -2.615   -2.615   -2.144   -1.305    7.376    7.376    7.937    8.690
    8.840    9.788    9.788    9.815   10.022   10.022   10.281   10.281   10.747   10.747
   10.838   11.204   11.235   14.310   14.907   15.415   15.895   15.946   15.969   15.969
           -0.000000 -0.000000  0.005402
  -99.714  -57.299  -57.299  -56.755  -19.267  -19.111   -6.919   -5.130   -5.098   -4.664
   -2.680   -2.680   -2.615   -2.615   -2.144   -1.305    7.376    7.376    7.937    8.690
    8.840    9.788    9.788    9.815   10.022   10.022   10.281   10.281   10.747   10.747
   10.838   11.200   11.239   14.309   14.907   15.415   15.895   15.946   15.969   15.969
           -0.000000 -0.000000  0.010804
  -99.714  -57.299  -57.299  -56.755  -19.267  -19.111   -6.919   -5.130   -5.098   -4.664
   -2.680   -2.680   -2.614   -2.614   -2.144   -1.305    7.376    7.376    7.937    8.690
    8.840    9.787    9.787    9.815   10.022   10.022   10.282   10.282   10.747   10.747
   10.838   11.191   11.248   14.308   14.908   15.415   15.895   15.946   15.969   15.969
           -0.000000 -0.000000  0.016205
  -99.714  -57.299  -57.299  -56.755  -19.267  -19.111   -6.919   -5.131   -5.098   -4.664
   -2.680   -2.680   -2.614   -2.614   -2.144   -1.305    7.376    7.376    7.937    8.691
    8.840    9.787    9.787    9.815   10.022   10.022   10.282   10.282   10.747   10.747
   10.838   11.180   11.258   14.306   14.910   15.415   15.894   15.946   15.969   15.969
           -0.000000 -0.000000  0.021607
  -99.714  -57.299  -57.299  -56.755  -19.267  -19.111   -6.919   -5.131   -5.098   -4.663
   -2.681   -2.681   -2.613   -2.613   -2.144   -1.306    7.376    7.376    7.938    8.691
    8.840    9.786    9.786    9.815   10.022   10.022   10.283   10.283   10.747   10.747
   10.838   11.168   11.268   14.303   14.913   15.414   15.894   15.946   15.969   15.969
           -0.000000 -0.000000  0.027009
  -99.714  -57.299  -57.299  -56.755  -19.267  -19.111   -6.919   -5.132   -5.098   -4.662
   -2.681   -2.681   -2.613   -2.613   -2.144   -1.306    7.376    7.376    7.939    8.692
    8.840    9.785    9.785    9.815   10.022   10.022   10.284   10.284   10.747   10.747
   10.838   11.156   11.278   14.300   14.917   15.414   15.894   15.947   15.969   15.969
           -0.000000 -0.000000  0.032411
  -99.714  -57.299  -57.299  -56.755  -19.267  -19.111   -6.919   -5.133   -5.098   -4.661
   -2.682   -2.682   -2.612   -2.612   -2.143   -1.307    7.376    7.376    7.940    8.694
    8.840    9.783    9.783    9.815   10.022   10.022   10.285   10.285   10.747   10.747
   10.838   11.144   11.289   14.296   14.921   15.414   15.894   15.947   15.969   15.969
           -0.000000 -0.000000  0.037813
  -99.714  -57.299  -57.299  -56.755  -19.267  -19.111   -6.919   -5.134   -5.098   -4.660
   -2.683   -2.683   -2.611   -2.611   -2.143   -1.308    7.376    7.376    7.941    8.695
    8.841    9.782    9.782    9.815   10.022   10.022   10.287   10.287   10.748   10.748
   10.838   11.131   11.299   14.291   14.926   15.413   15.893   15.947   15.969   15.969
           -0.000000 -0.000000  0.043215
  -99.714  -57.299  -57.299  -56.755  -19.267  -19.111   -6.918   -5.135   -5.098   -4.659
   -2.684   -2.684   -2.610   -2.610   -2.143   -1.309    7.376    7.376    7.943    8.696
    8.841    9.780    9.780    9.815   10.023   10.023   10.288   10.288   10.748   10.748
   10.838   11.119   11.310   14.286   14.932   15.413   15.893   15.947   15.969   15.969
            0.000000  0.000000  0.048616
  -99.714  -57.299  -57.299  -56.755  -19.266  -19.112   -6.918   -5.137   -5.098   -4.657
   -2.685   -2.685   -2.609   -2.609   -2.142   -1.310    7.376    7.376    7.944    8.698
    8.841    9.778    9.778    9.815   10.023   10.023   10.290   10.290   10.748   10.748
   10.838   11.105   11.320   14.279   14.938   15.412   15.893   15.947   15.969   15.969
           -0.000000 -0.000000  0.054018
  -99.714  -57.299  -57.299  -56.755  -19.266  -19.112   -6.918   -5.138   -5.098   -4.656
   -2.686   -2.686   -2.608   -2.608   -2.142   -1.312    7.375    7.375    7.946    8.700
    8.841    9.775    9.775    9.816   10.023   10.023   10.292   10.292   10.749   10.749
   10.838   11.092   11.330   14.273   14.945   15.411   15.892   15.947   15.969   15.969
           -0.000000 -0.000000  0.059420
  -99.714  -57.299  -57.299  -56.755  -19.266  -19.112   -6.918   -5.140   -5.098   -4.654
   -2.687   -2.687   -2.607   -2.607   -2.141   -1.313    7.375    7.375    7.948    8.702
    8.841    9.773    9.773    9.816   10.023   10.023   10.294   10.294   10.749   10.749
   10.838   11.079   11.339   14.266   14.953   15.411   15.892   15.947   15.969   15.969
           -0.000000 -0.000000  0.064822
  -99.714  -57.299  -57.299  -56.755  -19.266  -19.112   -6.917   -5.141   -5.098   -4.652
   -2.689   -2.689   -2.605   -2.605   -2.141   -1.315    7.375    7.375    7.951    8.705
    8.841    9.770    9.770    9.816   10.024   10.024   10.297   10.297   10.749   10.749
   10.838   11.065   11.349   14.258   14.961   15.410   15.891   15.947   15.969   15.969
            0.000000  0.000000  0.070224
  -99.714  -57.299  -57.299  -56.755  -19.266  -19.112   -6.917   -5.143   -5.098   -4.650
   -2.690   -2.690   -2.604   -2.604   -2.140   -1.317    7.375    7.375    7.953    8.707
    8.842    9.767    9.767    9.816   10.024   10.024   10.300   10.300   10.750   10.750
   10.838   11.051   11.358   14.250   14.970   15.409   15.890   15.947   15.970   15.970
           -0.000000 -0.000000  0.075626
  -99.714  -57.299  -57.299  -56.755  -19.265  -19.113   -6.917   -5.145   -5.098   -4.648
   -2.691   -2.691   -2.603   -2.603   -2.140   -1.318    7.374    7.374    7.956    8.710
    8.842    9.764    9.764    9.816   10.024   10.024   10.302   10.302   10.750   10.750
   10.838   11.037   11.368   14.242   14.979   15.408   15.890   15.947   15.970   15.970
           -0.000000 -0.000000  0.081027
  -99.714  -57.299  -57.299  -56.755  -19.265  -19.113   -6.916   -5.148   -5.098   -4.646
   -2.693   -2.693   -2.601   -2.601   -2.139   -1.320    7.374    7.374    7.958    8.713
    8.842    9.761    9.761    9.816   10.024   10.024   10.305   10.305   10.751   10.751
   10.838   11.023   11.377   14.233   14.988   15.407   15.889   15.947   15.970   15.970
           -0.000000 -0.000000  0.086429
  -99.714  -57.299  -57.299  -56.755  -19.265  -19.113   -6.916   -5.150   -5.098   -4.643
   -2.694   -2.694   -2.600   -2.600   -2.138   -1.323    7.374    7.374    7.961    8.716
    8.843    9.758    9.758    9.816   10.025   10.025   10.309   10.309   10.751   10.751
   10.838   11.009   11.386   14.224   14.998   15.405   15.888   15.948   15.970   15.970
            0.000000  0.000000  0.091831
  -99.714  -57.299  -57.299  -56.755  -19.265  -19.114   -6.915   -5.152   -5.098   -4.641
   -2.696   -2.696   -2.598   -2.598   -2.137   -1.325    7.374    7.374    7.965    8.720
    8.843    9.755    9.755    9.816   10.025   10.025   10.312   10.312   10.752   10.752
   10.837   10.995   11.394   14.214   15.008   15.404   15.887   15.948   15.970   15.970
            0.000000  0.000000  0.097233
  -99.714  -57.299  -57.299  -56.755  -19.264  -19.114   -6.915   -5.155   -5.098   -4.638
   -2.697   -2.697   -2.597   -2.597   -2.136   -1.327    7.373    7.373    7.968    8.723
    8.843    9.751    9.751    9.816   10.025   10.025   10.315   10.315   10.753   10.753
   10.837   10.980   11.403   14.205   15.018   15.403   15.886   15.948   15.970   15.970
            0.000000  0.000000  0.102635
  -99.714  -57.299  -57.299  -56.755  -19.264  -19.114   -6.914   -5.157   -5.098   -4.636
   -2.699   -2.699   -2.595   -2.595   -2.135   -1.330    7.373    7.373    7.971    8.727
    8.844    9.747    9.747    9.816   10.025   10.025   10.319   10.319   10.753   10.753
   10.837   10.966   11.411   14.195   15.029   15.401   15.885   15.948   15.970   15.970
           -0.000000 -0.000000  0.108037
  -99.714  -57.299  -57.299  -56.755  -19.264  -19.115   -6.913   -5.160   -5.098   -4.633
   -2.700   -2.700   -2.593   -2.593   -2.135   -1.333    7.372    7.372    7.975    8.731
    8.844    9.744    9.744    9.816   10.025   10.025   10.323   10.323   10.754   10.754
   10.837   10.951   11.420   14.185   15.040   15.399   15.884   15.948   15.970   15.970
           -0.000000 -0.000000  0.113438
  -99.714  -57.299  -57.299  -56.755  -19.263  -19.115   -6.913   -5.163   -5.098   -4.630
   -2.702   -2.702   -2.592   -2.592   -2.133   -1.336    7.372    7.372    7.979    8.735
    8.844    9.740    9.740    9.816   10.025   10.025   10.327   10.327   10.755   10.755
   10.837   10.936   11.428   14.174   15.051   15.398   15.883   15.948   15.971   15.971
           -0.000000 -0.000000  0.118840
  -99.714  -57.299  -57.299  -56.755  -19.263  -19.115   -6.912   -5.165   -5.098   -4.627
   -2.704   -2.704   -2.590   -2.590   -2.132   -1.339    7.372    7.372    7.983    8.739
    8.845    9.736    9.736    9.816   10.025   10.025   10.331   10.331   10.755   10.755
   10.837   10.921   11.435   14.164   15.062   15.396   15.882   15.949   15.971   15.971
           -0.000000 -0.000000  0.124242
  -99.714  -57.299  -57.299  -56.755  -19.262  -19.116   -6.912   -5.168   -5.098   -4.624
   -2.705   -2.705   -2.588   -2.588   -2.131   -1.342    7.371    7.371    7.987    8.744
    8.845    9.732    9.732    9.816   10.025   10.025   10.335   10.335   10.756   10.756
   10.837   10.906   11.443   14.153   15.074   15.394   15.880   15.949   15.971   15.971
           -0.000000 -0.000000  0.129644
  -99.714  -57.299  -57.299  -56.755  -19.262  -19.116   -6.911   -5.171   -5.098   -4.621
   -2.707   -2.707   -2.586   -2.586   -2.130   -1.345    7.371    7.371    7.992    8.748
    8.846    9.728    9.728    9.816   10.024   10.024   10.340   10.340   10.757   10.757
   10.837   10.890   11.451   14.143   15.086   15.392   15.879   15.949   15.971   15.971
            0.000000  0.000000  0.135046
  -99.714  -57.299  -57.299  -56.755  -19.262  -19.117   -6.910   -5.174   -5.098   -4.617
   -2.708   -2.708   -2.585   -2.585   -2.129   -1.348    7.370    7.370    7.996    8.753
    8.846    9.724    9.724    9.816   10.024   10.024   10.344   10.344   10.758   10.758
   10.837   10.875   11.458   14.132   15.097   15.389   15.878   15.949   15.971   15.971
            0.000000  0.000000  0.140448
  -99.714  -57.299  -57.299  -56.755  -19.261  -19.117   -6.910   -5.177   -5.098   -4.614
   -2.710   -2.710   -2.583   -2.583   -2.127   -1.352    7.370    7.370    8.001    8.758
    8.847    9.720    9.720    9.816   10.024   10.024   10.349   10.349   10.758   10.758
   10.837   10.859   11.465   14.121   15.109   15.387   15.876   15.950   15.971   15.971
            0.000000  0.000000  0.145849
  -99.714  -57.299  -57.299  -56.755  -19.261  -19.118   -6.909   -5.181   -5.098   -4.611
   -2.712   -2.712   -2.581   -2.581   -2.126   -1.355    7.370    7.370    8.006    8.763
    8.847    9.715    9.715    9.816   10.023   10.023   10.353   10.353   10.759   10.759
   10.837   10.844   11.472   14.110   15.121   15.385   15.875   15.950   15.972   15.972
           -0.000000 -0.000000  0.151251
  -99.714  -57.299  -57.299  -56.755  -19.260  -19.118   -6.908   -5.184   -5.098   -4.607
   -2.713   -2.713   -2.579   -2.579   -2.125   -1.359    7.369    7.369    8.011    8.769
    8.848    9.711    9.711    9.816   10.023   10.023   10.358   10.358   10.760   10.760
   10.828   10.837   11.479   14.099   15.133   15.382   15.873   15.950   15.972   15.972
            0.000000  0.000000  0.156653
  -99.714  -57.299  -57.299  -56.755  -19.260  -19.119   -6.907   -5.187   -5.098   -4.604
   -2.715   -2.715   -2.578   -2.578   -2.123   -1.363    7.369    7.369    8.016    8.774
    8.848    9.707    9.707    9.816   10.023   10.023   10.363   10.363   10.761   10.761
   10.812   10.837   11.485   14.088   15.145   15.379   15.871   15.950   15.972   15.972
           -0.000000 -0.000000  0.162055
  -99.714  -57.299  -57.299  -56.755  -19.259  -19.119   -6.907   -5.190   -5.098   -4.601
   -2.717   -2.717   -2.576   -2.576   -2.122   -1.367    7.368    7.368    8.021    8.780
    8.849    9.703    9.703    9.816   10.022   10.022   10.368   10.368   10.762   10.762
   10.796   10.837   11.492   14.077   15.158   15.376   15.870   15.951   15.972   15.972
            0.000000  0.000000  0.167457
  -99.714  -57.299  -57.299  -56.755  -19.259  -19.120   -6.906   -5.194   -5.098   -4.597
   -2.718   -2.718   -2.574   -2.574   -2.120   -1.371    7.368    7.368    8.027    8.786
    8.849    9.698    9.698    9.816   10.022   10.022   10.373   10.373   10.763   10.763
   10.780   10.837   11.498   14.066   15.170   15.373   15.868   15.951   15.972   15.972
           -0.000000 -0.000000  0.172859
  -99.714  -57.299  -57.299  -56.755  -19.258  -19.120   -6.905   -5.197   -5.098   -4.593
   -2.720   -2.720   -2.572   -2.572   -2.118   -1.375    7.367    7.367    8.033    8.792
    8.850    9.694    9.694    9.816   10.021   10.021   10.378   10.378   10.764   10.764
   10.764   10.837   11.504   14.055   15.182   15.370   15.866   15.951   15.973   15.973
           -0.000000 -0.000000  0.178260
  -99.714  -57.299  -57.299  -56.755  -19.258  -19.121   -6.904   -5.201   -5.098   -4.590
   -2.722   -2.722   -2.571   -2.571   -2.116   -1.380    7.366    7.366    8.038    8.798
    8.850    9.690    9.690    9.816   10.020   10.020   10.383   10.383   10.748   10.765
   10.765   10.837   11.510   14.044   15.194   15.367   15.864   15.951   15.973   15.973
            0.000000  0.000000  0.183662
  -99.714  -57.299  -57.299  -56.755  -19.257  -19.122   -6.903   -5.204   -5.098   -4.586
   -2.723   -2.723   -2.569   -2.569   -2.115   -1.384    7.366    7.366    8.044    8.804
    8.851    9.685    9.685    9.816   10.020   10.020   10.389   10.389   10.732   10.765
   10.765   10.837   11.516   14.033   15.207   15.363   15.863   15.952   15.973   15.973
           -0.000000 -0.000000  0.189064
  -99.714  -57.299  -57.299  -56.755  -19.256  -19.122   -6.902   -5.207   -5.098   -4.583
   -2.725   -2.725   -2.567   -2.567   -2.113   -1.389    7.365    7.365    8.050    8.810
    8.851    9.681    9.681    9.816   10.019   10.019   10.394   10.394   10.715   10.766
   10.766   10.837   11.521   14.022   15.219   15.359   15.861   15.952   15.973   15.973
            0.000000  0.000000  0.194466
  -99.714  -57.299  -57.299  -56.755  -19.256  -19.123   -6.901   -5.211   -5.098   -4.579
   -2.727   -2.727   -2.566   -2.566   -2.111   -1.393    7.365    7.365    8.057    8.817
    8.852    9.677    9.677    9.816   10.018   10.018   10.399   10.399   10.699   10.767
   10.767   10.837   11.527   14.011   15.231   15.356   15.859   15.952   15.974   15.974
           -0.000000 -0.000000  0.199868
  -99.714  -57.299  -57.299  -56.755  -19.255  -19.124   -6.900   -5.214   -5.098   -4.575
   -2.728   -2.728   -2.564   -2.564   -2.109   -1.398    7.364    7.364    8.063    8.824
    8.853    9.673    9.673    9.816   10.017   10.017   10.405   10.405   10.683   10.768
   10.768   10.837   11.532   14.000   15.243   15.352   15.857   15.953   15.974   15.974
            0.000000  0.000000  0.205270
  -99.714  -57.299  -57.299  -56.755  -19.255  -19.124   -6.900   -5.218   -5.099   -4.572
   -2.730   -2.730   -2.562   -2.562   -2.107   -1.403    7.364    7.364    8.069    8.831
    8.853    9.668    9.668    9.816   10.016   10.016   10.410   10.410   10.666   10.769
   10.769   10.837   11.537   13.989   15.256   15.348   15.855   15.953   15.974   15.974
           -0.000000 -0.000000  0.210671
  -99.714  -57.299  -57.299  -56.755  -19.254  -19.125   -6.899   -5.221   -5.099   -4.568
   -2.731   -2.731   -2.560   -2.560   -2.104   -1.408    7.363    7.363    8.076    8.837
    8.854    9.664    9.664    9.816   10.015   10.015   10.415   10.415   10.650   10.770
   10.770   10.837   11.542   13.979   15.268   15.343   15.853   15.953   15.974   15.974
           -0.000000 -0.000000  0.216073
  -99.714  -57.299  -57.299  -56.755  -19.253  -19.126   -6.898   -5.225   -5.099   -4.564
   -2.733   -2.733   -2.559   -2.559   -2.102   -1.413    7.362    7.362    8.083    8.845
    8.854    9.660    9.660    9.816   10.015   10.015   10.421   10.421   10.633   10.771
   10.771   10.837   11.547   13.968   15.280   15.339   15.851   15.953   15.975   15.975
           -0.000000 -0.000000  0.221475
  -99.714  -57.299  -57.299  -56.755  -19.253  -19.126   -6.897   -5.228   -5.099   -4.561
   -2.735   -2.735   -2.557   -2.557   -2.100   -1.418    7.362    7.362    8.090    8.852
    8.855    9.656    9.656    9.816   10.014   10.014   10.426   10.426   10.616   10.772
   10.772   10.837   11.551   13.957   15.292   15.334   15.849   15.954   15.975   15.975
           -0.000000 -0.000000  0.226877
  -99.714  -57.299  -57.299  -56.755  -19.252  -19.127   -6.896   -5.232   -5.099   -4.557
   -2.736   -2.736   -2.555   -2.555   -2.097   -1.423    7.361    7.361    8.097    8.856
    8.859    9.651    9.651    9.816   10.013   10.013   10.432   10.432   10.600   10.773
   10.773   10.837   11.556   13.947   15.304   15.330   15.847   15.954   15.975   15.975
            0.000000  0.000000  0.232279
  -99.714  -57.299  -57.299  -56.755  -19.251  -19.128   -6.895   -5.235   -5.099   -4.553
   -2.738   -2.738   -2.554   -2.554   -2.095   -1.429    7.361    7.361    8.104    8.856
    8.866    9.647    9.647    9.816   10.012   10.012   10.437   10.437   10.583   10.774
   10.774   10.837   11.560   13.936   15.316   15.325   15.845   15.955   15.975   15.975
           -0.000000 -0.000000  0.237681
  -99.714  -57.299  -57.299  -56.755  -19.250  -19.128   -6.894   -5.239   -5.099   -4.550
   -2.739   -2.739   -2.552   -2.552   -2.092   -1.434    7.360    7.360    8.111    8.857
    8.874    9.643    9.643    9.816   10.011   10.011   10.443   10.443   10.566   10.775
   10.775   10.837   11.564   13.926   15.320   15.328   15.843   15.955   15.976   15.976
            0.000000  0.000000  0.243082
  -99.714  -57.299  -57.299  -56.755  -19.250  -19.129   -6.893   -5.242   -5.099   -4.546
   -2.741   -2.741   -2.551   -2.551   -2.090   -1.440    7.359    7.359    8.118    8.858
    8.882    9.639    9.639    9.816   10.010   10.010   10.448   10.448   10.549   10.776
   10.776   10.837   11.568   13.916   15.315   15.339   15.841   15.955   15.976   15.976
           -0.000000 -0.000000  0.248484
  -99.714  -57.299  -57.299  -56.755  -19.249  -19.130   -6.892   -5.245   -5.099   -4.542
   -2.742   -2.742   -2.549   -2.549   -2.087   -1.445    7.359    7.359    8.125    8.858
    8.889    9.635    9.635    9.816   10.009   10.009   10.454   10.454   10.533   10.777
   10.777   10.837   11.572   13.906   15.310   15.351   15.839   15.956   15.976   15.976
            0.000000  0.000000  0.253886
  -99.714  -57.299  -57.299  -56.755  -19.248  -19.131   -6.891   -5.249   -5.099   -4.539
   -2.744   -2.744   -2.547   -2.547   -2.084   -1.451    7.358    7.358    8.133    8.859
    8.897    9.631    9.631    9.816   10.007   10.007   10.459   10.459   10.516   10.778
   10.778   10.837   11.576   13.896   15.304   15.362   15.837   15.956   15.976   15.976
           -0.000000 -0.000000  0.259288
  -99.714  -57.299  -57.299  -56.755  -19.247  -19.132   -6.890   -5.252   -5.099   -4.535
   -2.745   -2.745   -2.546   -2.546   -2.081   -1.457    7.357    7.357    8.140    8.860
    8.905    9.627    9.627    9.816   10.006   10.006   10.465   10.465   10.499   10.778
   10.778   10.837   11.579   13.886   15.299   15.374   15.835   15.956   15.977   15.977
           -0.000000 -0.000000  0.264690
  -99.714  -57.299  -57.299  -56.755  -19.247  -19.132   -6.889   -5.256   -5.099   -4.532
   -2.746   -2.746   -2.544   -2.544   -2.078   -1.463    7.357    7.357    8.148    8.860
    8.913    9.624    9.624    9.816   10.005   10.005   10.470   10.470   10.482   10.779
   10.779   10.837   11.583   13.876   15.293   15.385   15.833   15.957   15.977   15.977
            0.000000  0.000000  0.270092
  -99.714  -57.299  -57.299  -56.755  -19.246  -19.133   -6.888   -5.259   -5.099   -4.528
   -2.748   -2.748   -2.543   -2.543   -2.075   -1.469    7.356    7.356    8.155    8.861
    8.921    9.620    9.620    9.816   10.004   10.004   10.466   10.475   10.475   10.780
   10.780   10.837   11.586   13.866   15.287   15.396   15.831   15.957   15.977   15.977
