 78  
 1  
 12 
 1  0  0    0  1  0    0  0  1       0.000000   0.000000   0.000000        1.000000    0.000000      0.000000    0.000000      0.000000    0.000000      1.000000    0.000000
 0  0  1    1  0  0    0  1  0       0.000000   0.000000   0.000000        0.500000   -0.866025     -0.000000   -0.000000      0.000000   -0.000000      0.500000    0.866025
 0  1  0    0  0  1    1  0  0       0.000000   0.000000   0.000000        0.500000    0.866025      0.000000   -0.000000     -0.000000   -0.000000      0.500000   -0.866025
 0  0 -1    0 -1  0   -1  0  0       0.000000   0.000000   0.000000        0.000000    0.000000      0.866025    0.500000     -0.866025    0.500000      0.000000   -0.000000
 0 -1  0   -1  0  0    0  0 -1       0.000000   0.000000   0.000000        0.000000    0.000000      0.000000   -1.000000      0.000000   -1.000000      0.000000    0.000000
-1  0  0    0  0 -1    0 -1  0       0.000000   0.000000   0.000000        0.000000   -0.000000      0.866025   -0.500000     -0.866025   -0.500000      0.000000    0.000000
-1  0  0    0 -1  0    0  0 -1       0.000000   0.000000   0.000000        1.000000    0.000000      0.000000    0.000000      0.000000    0.000000      1.000000    0.000000
 0  0 -1   -1  0  0    0 -1  0       0.000000   0.000000   0.000000        0.500000   -0.866025     -0.000000   -0.000000      0.000000   -0.000000      0.500000    0.866025
 0 -1  0    0  0 -1   -1  0  0       0.000000   0.000000   0.000000        0.500000    0.866025      0.000000   -0.000000     -0.000000   -0.000000      0.500000   -0.866025
 0  0  1    0  1  0    1  0  0       0.000000   0.000000   0.000000        0.000000    0.000000     -0.866025   -0.500000      0.866025   -0.500000      0.000000   -0.000000
 0  1  0    1  0  0    0  0  1       0.000000   0.000000   0.000000        0.000000    0.000000      0.000000   -1.000000      0.000000   -1.000000      0.000000    0.000000
 1  0  0    0  0  1    0  1  0       0.000000   0.000000   0.000000        0.000000   -0.000000     -0.866025    0.500000      0.866025    0.500000      0.000000    0.000000
  4  
  0.500000     0.500000    -0.000000
  0.000000     0.000000     0.000000
  0.000000     0.500000    -0.000000
  0.500000     0.500000     0.500000
4 
 1  5  7  11 
        1         2   -45.9897   2.000000     0.000000     0.000000     0.000000     2.000000    -0.000000     0.000000     0.000000 
        3         2   -45.5497   2.000000     0.000000     0.000000    -0.000000    -2.000000     0.000000     0.000000     0.000000 
        5         2   -45.4995   2.000000     0.000000    -0.000000     0.000000     2.000000     0.000000    -0.000000     0.000000 
        7         2   -45.2352   2.000000     0.000000     0.000000     0.000000     2.000000     0.000000     0.000000     0.000000 
        9         2   -45.0895   2.000000     0.000000     0.000000     0.000000     2.000000    -0.000000    -0.000000     0.000000 
       11         2   -44.9466   2.000000     0.000000    -0.000000    -0.000000    -2.000000    -0.000000    -0.000000     0.000000 
       13         2   -44.8846   2.000000     0.000000    -0.000000    -0.000000     2.000000    -0.000000    -0.000000    -0.000000 
       15         2   -44.6592   2.000000     0.000000    -0.000000     0.000000     2.000000    -0.000000     0.000000     0.000000 
       17         2   -44.5035   2.000000     0.000000    -0.000000     0.000000    -2.000000    -0.000000    -0.000000    -0.000000 
       19         2   -44.4844   2.000000     0.000000     0.000000    -0.000000     2.000000     0.000000     0.000000    -0.000000 
       21         2   -44.4060   2.000000     0.000000    -0.000000     0.000000     2.000000    -0.000000    -0.000000     0.000000 
       23         2   -44.2201   2.000000     0.000000     0.000000     0.000000    -2.000000     0.000000    -0.000000    -0.000000 
       25         2   -44.1535   2.000000     0.000000    -0.000000    -0.000000     2.000000     0.000000    -0.000000    -0.000000 
       27         2   -44.1157   2.000000     0.000000    -0.000000    -0.000000     2.000000     0.000000     0.000000    -0.000000 
       29         2   -43.9386   2.000000     0.000000     0.000000     0.000000    -2.000000     0.000000     0.000000    -0.000000 
       31         2   -24.2204   2.000000     0.000000    -0.000000     0.000000     2.000000    -0.000000    -0.000000     0.000000 
       33         2   -24.1901   2.000000     0.000000     0.000000     0.000000    -2.000000    -0.000000     0.000000    -0.000000 
       35         2   -24.1888   2.000000     0.000000    -0.000000     0.000000     2.000000     0.000000     0.000000     0.000000 
       37         2   -24.1582   2.000000     0.000000     0.000000     0.000000    -2.000000     0.000000    -0.000000    -0.000000 
       39         2   -21.3883   2.000000     0.000000     0.000000    -0.000000     2.000000     0.000000    -0.000000    -0.000000 
       41         2   -21.3560   2.000000     0.000000     0.000000    -0.000000    -2.000000    -0.000000     0.000000     0.000000 
       43         2   -21.3517   2.000000     0.000000    -0.000000    -0.000000     2.000000    -0.000000    -0.000000    -0.000000 
       45         2   -21.3324   2.000000     0.000000     0.000000    -0.000000    -2.000000    -0.000000    -0.000000     0.000000 
       47         2   -21.3309   2.000000     0.000000     0.000000    -0.000000     2.000000     0.000000    -0.000000    -0.000000 
       49         2   -21.3073   2.000000     0.000000     0.000000     0.000000    -2.000000     0.000000     0.000000    -0.000000 
       51         2   -13.4331   2.000000     0.000000     0.000000    -0.000000     2.000000    -0.000000    -0.000000    -0.000000 
       53         2   -13.2050   2.000000     0.000000    -0.000000     0.000000    -2.000000    -0.000000    -0.000000    -0.000000 
       55         2   -13.0423   2.000000     0.000000     0.000000    -0.000000     2.000000    -0.000000    -0.000000    -0.000000 
       57         2   -10.4572   2.000000     0.000000     0.000000    -0.000000    -2.000000     0.000000     0.000000     0.000000 
       59         2    -9.9591   2.000000     0.000000    -0.000000    -0.000000     2.000000    -0.000000     0.000000    -0.000000 
       61         2    -4.9402   2.000000     0.000000     0.000000    -0.000000    -2.000000    -0.000000     0.000000     0.000000 
       63         2    -3.9141   2.000000     0.000000    -0.000000     0.000000     2.000000    -0.000000     0.000000     0.000000 
       65         2    -3.7653   2.000000     0.000000     0.000000    -0.000000    -2.000000    -0.000000     0.000000     0.000000 
       67         2    -3.0514   2.000000     0.000000     0.000000     0.000000    -2.000000    -0.000000     0.000000    -0.000000 
       69         2    -2.3543   2.000000     0.000000    -0.000000     0.000000     2.000000     0.000000    -0.000000     0.000000 
       71         2    -1.7460   2.000000     0.000000     0.000000    -0.000000    -2.000000     0.000000     0.000000     0.000000 
       73         2    -1.5163   2.000000     0.000000     0.000000     0.000000     2.000000     0.000000     0.000000     0.000000 
       75         2    -1.4253   2.000000     0.000000    -0.000000     0.000000    -2.000000     0.000000     0.000000    -0.000000 
       77         2    -0.7837   2.000000     0.000000    -0.000000     0.000000    -2.000000    -0.000000    -0.000000    -0.000000 
12 
 1  2  3  4  5  6  7  8  9  10  11  12 
        1         2   -45.3896   2.000000     0.000000     1.000000    -0.000000     1.000000     0.000000    -0.000000     0.000000     0.000000     0.000000    -0.000000     0.000000    -2.000000     0.000000    -1.000000     0.000000    -1.000000    -0.000000     0.000000     0.000000    -0.000000    -0.000000     0.000000     0.000000 
        3         2   -45.3479   2.000000     0.000000     1.000000     0.000000     1.000000    -0.000000     0.000000     0.000000    -0.000000    -0.000000     0.000000    -0.000000     2.000000    -0.000000     1.000000     0.000000     1.000000    -0.000000     0.000000    -0.000000    -0.000000    -0.000000     0.000000     0.000000 
        5         2   -45.2018   2.000000     0.000000    -2.000000     0.000000    -2.000000    -0.000000     0.000000    -0.000000     0.000000    -0.000000     0.000000     0.000000     2.000000     0.000000    -2.000000     0.000000    -2.000000    -0.000000     0.000000     0.000000    -0.000000    -0.000000     0.000000    -0.000000 
        7         2   -45.1856   2.000000     0.000000    -2.000000     0.000000    -2.000000    -0.000000    -0.000000     0.000000     0.000000     0.000000     0.000000    -0.000000    -2.000000    -0.000000     2.000000    -0.000000     2.000000     0.000000     0.000000     0.000000    -0.000000    -0.000000     0.000000    -0.000000 
        9         2   -44.9355   2.000000     0.000000     1.000000    -0.000000     1.000000     0.000000     0.000000     0.000000    -0.000000    -0.000000     0.000000     0.000000     2.000000     0.000000     1.000000    -0.000000     1.000000     0.000000     0.000000    -0.000000    -0.000000    -0.000000     0.000000    -0.000000 
       11         2   -44.9322   2.000000     0.000000    -2.000000     0.000000    -2.000000    -0.000000    -0.000000    -0.000000     0.000000    -0.000000     0.000000     0.000000     2.000000     0.000000    -2.000000     0.000000    -2.000000    -0.000000     0.000000     0.000000    -0.000000    -0.000000     0.000000    -0.000000 
       13         2   -44.1014   2.000000     0.000000    -2.000000    -0.000000    -2.000000     0.000000     0.000000    -0.000000     0.000000    -0.000000     0.000000     0.000000     2.000000    -0.000000    -2.000000    -0.000000    -2.000000     0.000000     0.000000     0.000000    -0.000000    -0.000000     0.000000    -0.000000 
       15         2   -44.0710   2.000000     0.000000     1.000000     0.000000     1.000000    -0.000000     0.000000    -0.000000     0.000000     0.000000     0.000000     0.000000     2.000000    -0.000000     1.000000     0.000000     1.000000    -0.000000     0.000000     0.000000     0.000000     0.000000     0.000000    -0.000000 
       17         2   -44.0154   2.000000     0.000000    -2.000000     0.000000    -2.000000    -0.000000     0.000000     0.000000     0.000000     0.000000    -0.000000    -0.000000    -2.000000    -0.000000     2.000000    -0.000000     2.000000     0.000000     0.000000     0.000000    -0.000000    -0.000000     0.000000    -0.000000 
       19         2   -43.8593   2.000000     0.000000    -2.000000     0.000000    -2.000000    -0.000000     0.000000    -0.000000    -0.000000    -0.000000     0.000000     0.000000     2.000000     0.000000    -2.000000    -0.000000    -2.000000     0.000000     0.000000     0.000000    -0.000000    -0.000000     0.000000    -0.000000 
       21         2   -43.8401   2.000000     0.000000     1.000000     0.000000     1.000000    -0.000000    -0.000000    -0.000000     0.000000    -0.000000    -0.000000    -0.000000    -2.000000    -0.000000    -1.000000    -0.000000    -1.000000     0.000000     0.000000    -0.000000     0.000000     0.000000     0.000000    -0.000000 
       23         2   -43.8005   2.000000     0.000000     1.000000     0.000000     1.000000    -0.000000     0.000000    -0.000000    -0.000000     0.000000     0.000000     0.000000     2.000000     0.000000     1.000000     0.000000     1.000000    -0.000000     0.000000     0.000000     0.000000     0.000000     0.000000    -0.000000 
       25         2   -43.6730   2.000000     0.000000     1.000000    -0.000000     1.000000     0.000000     0.000000    -0.000000    -0.000000     0.000000     0.000000    -0.000000     2.000000    -0.000000     1.000000    -0.000000     1.000000     0.000000     0.000000     0.000000     0.000000     0.000000     0.000000     0.000000 
       27         2   -43.5652   2.000000     0.000000     1.000000    -0.000000     1.000000     0.000000    -0.000000    -0.000000     0.000000    -0.000000    -0.000000    -0.000000    -2.000000     0.000000    -1.000000     0.000000    -1.000000    -0.000000     0.000000    -0.000000     0.000000     0.000000     0.000000    -0.000000 
       29         2   -43.5418   2.000000     0.000000     1.000000     0.000000     1.000000    -0.000000     0.000000     0.000000    -0.000000    -0.000000     0.000000     0.000000     2.000000    -0.000000     1.000000     0.000000     1.000000    -0.000000     0.000000    -0.000000     0.000000    -0.000000     0.000000    -0.000000 
       31         2   -24.1817   2.000000     0.000000     1.000000     0.000000     1.000000    -0.000000     0.000000    -0.000000    -0.000000    -0.000000     0.000000    -0.000000     2.000000     0.000000     1.000000     0.000000     1.000000    -0.000000     0.000000     0.000000    -0.000000    -0.000000     0.000000     0.000000 
       33         2   -24.1426   2.000000     0.000000    -2.000000     0.000000    -2.000000    -0.000000     0.000000    -0.000000     0.000000    -0.000000     0.000000     0.000000     2.000000    -0.000000    -2.000000    -0.000000    -2.000000     0.000000    -0.000000     0.000000    -0.000000    -0.000000     0.000000    -0.000000 
       35         2   -24.1322   2.000000     0.000000    -2.000000     0.000000    -2.000000    -0.000000    -0.000000    -0.000000     0.000000    -0.000000    -0.000000     0.000000    -2.000000    -0.000000     2.000000    -0.000000     2.000000     0.000000     0.000000    -0.000000     0.000000     0.000000     0.000000     0.000000 
       37         2   -24.1027   2.000000     0.000000     1.000000     0.000000     1.000000    -0.000000    -0.000000    -0.000000     0.000000    -0.000000    -0.000000    -0.000000    -2.000000     0.000000    -1.000000    -0.000000    -1.000000     0.000000     0.000000    -0.000000     0.000000     0.000000     0.000000    -0.000000 
       39         2   -21.3649   2.000000     0.000000    -2.000000     0.000000    -2.000000    -0.000000     0.000000     0.000000     0.000000     0.000000     0.000000    -0.000000     2.000000    -0.000000    -2.000000    -0.000000    -2.000000     0.000000     0.000000    -0.000000     0.000000     0.000000     0.000000     0.000000 
       41         2   -21.3128   2.000000     0.000000     1.000000    -0.000000     1.000000     0.000000     0.000000    -0.000000     0.000000     0.000000     0.000000    -0.000000     2.000000     0.000000     1.000000    -0.000000     1.000000     0.000000     0.000000     0.000000    -0.000000     0.000000     0.000000     0.000000 
       43         2   -21.3102   2.000000     0.000000     1.000000    -0.000000     1.000000     0.000000    -0.000000     0.000000     0.000000    -0.000000    -0.000000    -0.000000    -2.000000     0.000000    -1.000000     0.000000    -1.000000    -0.000000     0.000000     0.000000    -0.000000     0.000000     0.000000    -0.000000 
       45         2   -21.2869   2.000000     0.000000    -2.000000     0.000000    -2.000000    -0.000000     0.000000     0.000000    -0.000000     0.000000    -0.000000    -0.000000    -2.000000    -0.000000     2.000000    -0.000000     2.000000     0.000000     0.000000     0.000000     0.000000    -0.000000     0.000000    -0.000000 
       47         2   -21.2850   2.000000     0.000000     1.000000    -0.000000     1.000000     0.000000     0.000000     0.000000     0.000000    -0.000000     0.000000    -0.000000     2.000000     0.000000     1.000000    -0.000000     1.000000     0.000000     0.000000    -0.000000     0.000000    -0.000000     0.000000     0.000000 
       49         2   -21.2597   2.000000     0.000000     1.000000     0.000000     1.000000    -0.000000    -0.000000     0.000000    -0.000000    -0.000000    -0.000000    -0.000000    -2.000000    -0.000000    -1.000000    -0.000000    -1.000000     0.000000     0.000000     0.000000     0.000000     0.000000     0.000000    -0.000000 
       51         2   -14.6412   2.000000     0.000000     1.000000    -0.000000     1.000000     0.000000     0.000000    -0.000000     0.000000     0.000000     0.000000    -0.000000     2.000000    -0.000000     1.000000    -0.000000     1.000000     0.000000     0.000000     0.000000     0.000000     0.000000     0.000000     0.000000 
       53         2   -13.7861   2.000000     0.000000     1.000000     0.000000     1.000000    -0.000000    -0.000000     0.000000     0.000000     0.000000    -0.000000     0.000000    -2.000000     0.000000    -1.000000    -0.000000    -1.000000     0.000000     0.000000     0.000000     0.000000    -0.000000     0.000000     0.000000 
       55         2   -13.5403   2.000000     0.000000     1.000000    -0.000000     1.000000     0.000000     0.000000     0.000000    -0.000000     0.000000     0.000000     0.000000     2.000000     0.000000     1.000000    -0.000000     1.000000     0.000000     0.000000    -0.000000     0.000000     0.000000     0.000000    -0.000000 
       57         2    -9.7519   2.000000     0.000000     1.000000     0.000000     1.000000    -0.000000    -0.000000     0.000000    -0.000000    -0.000000    -0.000000     0.000000    -2.000000     0.000000    -1.000000    -0.000000    -1.000000     0.000000     0.000000     0.000000    -0.000000     0.000000     0.000000     0.000000 
       59         2    -8.9268   2.000000     0.000000     1.000000    -0.000000     1.000000     0.000000     0.000000     0.000000     0.000000    -0.000000     0.000000    -0.000000     2.000000     0.000000     1.000000    -0.000000     1.000000     0.000000     0.000000    -0.000000    -0.000000    -0.000000     0.000000     0.000000 
       61         2    -2.5380   2.000000     0.000000     1.000000     0.000000     1.000000    -0.000000    -0.000000     0.000000    -0.000000     0.000000    -0.000000     0.000000    -2.000000    -0.000000    -1.000000    -0.000000    -1.000000     0.000000     0.000000     0.000000    -0.000000    -0.000000     0.000000     0.000000 
       63         2    -2.2259   2.000000     0.000000     1.000000     0.000000     1.000000    -0.000000     0.000000     0.000000     0.000000    -0.000000     0.000000     0.000000     2.000000     0.000000     1.000000     0.000000     1.000000    -0.000000     0.000000    -0.000000    -0.000000    -0.000000     0.000000    -0.000000 
       65         2    -1.6323   2.000000     0.000000     1.000000     0.000000     1.000000    -0.000000    -0.000000    -0.000000     0.000000     0.000000    -0.000000     0.000000    -2.000000    -0.000000    -1.000000    -0.000000    -1.000000     0.000000     0.000000    -0.000000    -0.000000    -0.000000     0.000000     0.000000 
       67         2    -1.6078   2.000000     0.000000     1.000000     0.000000     1.000000    -0.000000     0.000000    -0.000000     0.000000     0.000000     0.000000     0.000000     2.000000    -0.000000     1.000000     0.000000     1.000000    -0.000000     0.000000     0.000000    -0.000000     0.000000     0.000000    -0.000000 
       69         2    -1.5196   2.000000     0.000000    -2.000000     0.000000    -2.000000    -0.000000    -0.000000     0.000000     0.000000     0.000000    -0.000000    -0.000000    -2.000000    -0.000000     2.000000     0.000000     2.000000    -0.000000     0.000000     0.000000    -0.000000    -0.000000     0.000000    -0.000000 
       71         2    -1.2255   2.000000     0.000000    -2.000000     0.000000    -2.000000    -0.000000    -0.000000    -0.000000    -0.000000    -0.000000    -0.000000     0.000000     2.000000     0.000000    -2.000000     0.000000    -2.000000    -0.000000     0.000000     0.000000    -0.000000    -0.000000    -0.000000    -0.000000 
       73         2    -1.2160   2.000000     0.000000     1.000000     0.000000     1.000000    -0.000000     0.000000     0.000000     0.000000    -0.000000    -0.000000     0.000000    -2.000000    -0.000000    -1.000000    -0.000000    -1.000000     0.000000    -0.000000     0.000000    -0.000000     0.000000     0.000000     0.000000 
       75         2    -0.8020   2.000000     0.000000    -2.000000     0.000000    -2.000000    -0.000000    -0.000000    -0.000000    -0.000000    -0.000000    -0.000000     0.000000    -2.000000    -0.000000     2.000000    -0.000000     2.000000     0.000000    -0.000000    -0.000000     0.000000     0.000000     0.000000     0.000000 
       77         2    -0.2113   2.000000     0.000000     1.000000     0.000000     1.000000    -0.000000     0.000000    -0.000000     0.000000     0.000000     0.000000     0.000000     2.000000    -0.000000     1.000000     0.000000     1.000000    -0.000000     0.000000     0.000000     0.000000     0.000000     0.000000    -0.000000 
4 
 1  4  7  10 
        1         2   -45.6626   2.000000     0.000000    -0.000000    -0.000000    -2.000000    -0.000000     0.000000    -0.000000 
        3         2   -45.6050   2.000000     0.000000     0.000000     0.000000     2.000000     0.000000     0.000000    -0.000000 
        5         2   -45.3023   2.000000     0.000000     0.000000     0.000000     2.000000     0.000000     0.000000    -0.000000 
        7         2   -45.2243   2.000000     0.000000     0.000000     0.000000    -2.000000    -0.000000    -0.000000     0.000000 
        9         2   -45.0986   2.000000     0.000000    -0.000000    -0.000000     2.000000    -0.000000    -0.000000     0.000000 
       11         2   -44.8611   2.000000     0.000000     0.000000    -0.000000    -2.000000    -0.000000    -0.000000    -0.000000 
       13         2   -44.8585   2.000000     0.000000    -0.000000     0.000000     2.000000     0.000000    -0.000000    -0.000000 
       15         2   -44.7206   2.000000     0.000000     0.000000     0.000000     2.000000     0.000000     0.000000    -0.000000 
       17         2   -44.5245   2.000000     0.000000     0.000000    -0.000000     2.000000     0.000000     0.000000     0.000000 
       19         2   -44.4482   2.000000     0.000000    -0.000000     0.000000    -2.000000    -0.000000     0.000000     0.000000 
       21         2   -44.2601   2.000000     0.000000    -0.000000     0.000000     2.000000     0.000000    -0.000000    -0.000000 
       23         2   -44.1054   2.000000     0.000000     0.000000     0.000000     2.000000    -0.000000     0.000000    -0.000000 
       25         2   -43.9633   2.000000     0.000000     0.000000     0.000000     2.000000     0.000000     0.000000    -0.000000 
       27         2   -43.9141   2.000000     0.000000    -0.000000    -0.000000    -2.000000    -0.000000     0.000000    -0.000000 
       29         2   -43.7470   2.000000     0.000000    -0.000000    -0.000000     2.000000    -0.000000    -0.000000     0.000000 
       31         2   -24.2232   2.000000     0.000000    -0.000000    -0.000000    -2.000000    -0.000000     0.000000    -0.000000 
       33         2   -24.2023   2.000000     0.000000     0.000000    -0.000000     2.000000     0.000000     0.000000     0.000000 
       35         2   -24.1493   2.000000     0.000000    -0.000000    -0.000000    -2.000000     0.000000     0.000000    -0.000000 
       37         2   -24.1406   2.000000     0.000000     0.000000    -0.000000     2.000000    -0.000000     0.000000     0.000000 
       39         2   -21.3848   2.000000     0.000000    -0.000000    -0.000000    -2.000000     0.000000     0.000000    -0.000000 
       41         2   -21.3725   2.000000     0.000000     0.000000    -0.000000     2.000000     0.000000     0.000000     0.000000 
       43         2   -21.3434   2.000000     0.000000     0.000000     0.000000    -2.000000     0.000000    -0.000000     0.000000 
       45         2   -21.3289   2.000000     0.000000     0.000000    -0.000000     2.000000    -0.000000     0.000000     0.000000 
       47         2   -21.2957   2.000000     0.000000    -0.000000     0.000000    -2.000000     0.000000     0.000000     0.000000 
       49         2   -21.2888   2.000000     0.000000    -0.000000     0.000000     2.000000     0.000000    -0.000000    -0.000000 
       51         2   -13.4452   2.000000     0.000000     0.000000     0.000000     2.000000    -0.000000     0.000000    -0.000000 
       53         2   -13.1708   2.000000     0.000000     0.000000     0.000000     2.000000    -0.000000     0.000000    -0.000000 
       55         2   -13.0661   2.000000     0.000000    -0.000000     0.000000    -2.000000     0.000000     0.000000     0.000000 
       57         2   -10.4153   2.000000     0.000000    -0.000000    -0.000000    -2.000000     0.000000     0.000000    -0.000000 
       59         2   -10.0029   2.000000     0.000000     0.000000    -0.000000     2.000000     0.000000     0.000000     0.000000 
       61         2    -5.1782   2.000000     0.000000    -0.000000     0.000000    -2.000000    -0.000000     0.000000     0.000000 
       63         2    -3.5729   2.000000     0.000000    -0.000000    -0.000000    -2.000000    -0.000000     0.000000    -0.000000 
       65         2    -3.2959   2.000000     0.000000     0.000000     0.000000     2.000000     0.000000     0.000000    -0.000000 
       67         2    -2.8783   2.000000     0.000000     0.000000     0.000000    -2.000000    -0.000000    -0.000000     0.000000 
       69         2    -2.7515   2.000000     0.000000     0.000000     0.000000     2.000000    -0.000000     0.000000    -0.000000 
       71         2    -2.3107   2.000000     0.000000    -0.000000    -0.000000     2.000000     0.000000    -0.000000     0.000000 
       73         2    -1.9422   2.000000     0.000000    -0.000000     0.000000    -2.000000     0.000000     0.000000     0.000000 
       75         2    -1.0625   2.000000     0.000000     0.000000    -0.000000    -2.000000    -0.000000    -0.000000    -0.000000 
       77         2    -0.3709   2.000000     0.000000    -0.000000     0.000000    -2.000000     0.000000     0.000000     0.000000 
12 
 1  2  3  4  5  6  7  8  9  10  11  12 
        1         2   -45.2790   2.000000     0.000000     1.000000     0.000000     1.000000    -0.000000     0.000000     0.000000    -0.000000     0.000000     0.000000     0.000000     2.000000    -0.000000     1.000000     0.000000     1.000000    -0.000000     0.000000    -0.000000    -0.000000     0.000000     0.000000    -0.000000 
        3         2   -45.0661   2.000000     0.000000    -2.000000    -0.000000    -2.000000     0.000000     0.000000    -0.000000     0.000000    -0.000000     0.000000     0.000000     2.000000    -0.000000    -2.000000     0.000000    -2.000000    -0.000000    -0.000000     0.000000    -0.000000    -0.000000     0.000000    -0.000000 
        5         2   -44.9353   2.000000     0.000000     1.000000    -0.000000     1.000000     0.000000     0.000000    -0.000000    -0.000000     0.000000     0.000000    -0.000000     2.000000    -0.000000     1.000000    -0.000000     1.000000     0.000000     0.000000     0.000000     0.000000     0.000000     0.000000     0.000000 
        7         2   -44.7890   2.000000     0.000000    -2.000000    -0.000000    -2.000000     0.000000    -0.000000     0.000000     0.000000     0.000000    -0.000000    -0.000000    -2.000000     0.000000     2.000000     0.000000     2.000000    -0.000000     0.000000     0.000000    -0.000000    -0.000000     0.000000    -0.000000 
        9         2   -44.7219   2.000000     0.000000     1.000000    -0.000000     1.000000     0.000000    -0.000000    -0.000000     0.000000     0.000000    -0.000000    -0.000000    -2.000000    -0.000000    -1.000000     0.000000    -1.000000    -0.000000     0.000000    -0.000000    -0.000000    -0.000000     0.000000    -0.000000 
       11         2   -44.7027   2.000000     0.000000    -2.000000    -0.000000    -2.000000     0.000000     0.000000    -0.000000    -0.000000    -0.000000     0.000000     0.000000     2.000000     0.000000    -2.000000     0.000000    -2.000000    -0.000000     0.000000     0.000000     0.000000    -0.000000     0.000000    -0.000000 
       13         2   -44.4996   2.000000     0.000000     1.000000     0.000000     1.000000    -0.000000     0.000000    -0.000000    -0.000000     0.000000     0.000000    -0.000000     2.000000    -0.000000     1.000000     0.000000     1.000000    -0.000000     0.000000     0.000000    -0.000000     0.000000     0.000000     0.000000 
       15         2   -44.2011   2.000000     0.000000     1.000000    -0.000000     1.000000     0.000000     0.000000    -0.000000    -0.000000     0.000000     0.000000    -0.000000     2.000000     0.000000     1.000000    -0.000000     1.000000     0.000000     0.000000     0.000000    -0.000000     0.000000     0.000000     0.000000 
       17         2   -44.1603   2.000000     0.000000     1.000000    -0.000000     1.000000     0.000000    -0.000000     0.000000     0.000000    -0.000000    -0.000000     0.000000    -2.000000    -0.000000    -1.000000     0.000000    -1.000000    -0.000000     0.000000     0.000000     0.000000     0.000000     0.000000     0.000000 
       19         2   -44.0840   2.000000     0.000000    -2.000000     0.000000    -2.000000    -0.000000     0.000000    -0.000000    -0.000000    -0.000000     0.000000     0.000000     2.000000    -0.000000    -2.000000    -0.000000    -2.000000     0.000000     0.000000     0.000000    -0.000000    -0.000000     0.000000    -0.000000 
       21         2   -43.8820   2.000000     0.000000     1.000000     0.000000     1.000000    -0.000000     0.000000    -0.000000     0.000000     0.000000     0.000000    -0.000000     2.000000     0.000000     1.000000     0.000000     1.000000    -0.000000     0.000000     0.000000    -0.000000     0.000000     0.000000     0.000000 
       23         2   -43.8491   2.000000     0.000000    -2.000000     0.000000    -2.000000    -0.000000     0.000000    -0.000000     0.000000    -0.000000     0.000000     0.000000     2.000000    -0.000000    -2.000000    -0.000000    -2.000000     0.000000     0.000000     0.000000    -0.000000    -0.000000     0.000000    -0.000000 
       25         2   -43.6011   2.000000     0.000000     1.000000     0.000000     1.000000    -0.000000     0.000000    -0.000000    -0.000000     0.000000     0.000000     0.000000     2.000000    -0.000000     1.000000     0.000000     1.000000    -0.000000     0.000000     0.000000     0.000000     0.000000     0.000000    -0.000000 
       27         2   -43.5102   2.000000     0.000000    -2.000000    -0.000000    -2.000000     0.000000    -0.000000     0.000000     0.000000     0.000000    -0.000000    -0.000000    -2.000000     0.000000     2.000000    -0.000000     2.000000     0.000000     0.000000     0.000000    -0.000000    -0.000000     0.000000    -0.000000 
       29         2   -43.5081   2.000000     0.000000     1.000000     0.000000     1.000000    -0.000000    -0.000000    -0.000000     0.000000     0.000000    -0.000000     0.000000    -2.000000    -0.000000    -1.000000    -0.000000    -1.000000     0.000000     0.000000    -0.000000    -0.000000    -0.000000     0.000000     0.000000 
       31         2   -24.1475   2.000000     0.000000     1.000000    -0.000000     1.000000     0.000000     0.000000    -0.000000    -0.000000    -0.000000     0.000000    -0.000000     2.000000    -0.000000     1.000000    -0.000000     1.000000     0.000000     0.000000     0.000000    -0.000000    -0.000000     0.000000     0.000000 
       33         2   -24.1405   2.000000     0.000000    -2.000000    -0.000000    -2.000000     0.000000    -0.000000     0.000000     0.000000     0.000000     0.000000    -0.000000    -2.000000     0.000000     2.000000     0.000000     2.000000    -0.000000     0.000000     0.000000     0.000000    -0.000000     0.000000    -0.000000 
       35         2   -24.1287   2.000000     0.000000     1.000000     0.000000     1.000000    -0.000000    -0.000000     0.000000     0.000000     0.000000    -0.000000     0.000000    -2.000000    -0.000000    -1.000000    -0.000000    -1.000000     0.000000     0.000000     0.000000    -0.000000    -0.000000     0.000000     0.000000 
       37         2   -24.1247   2.000000     0.000000    -2.000000     0.000000    -2.000000    -0.000000     0.000000    -0.000000     0.000000    -0.000000    -0.000000     0.000000     2.000000     0.000000    -2.000000    -0.000000    -2.000000     0.000000     0.000000     0.000000    -0.000000    -0.000000     0.000000    -0.000000 
       39         2   -21.3185   2.000000     0.000000     1.000000    -0.000000     1.000000     0.000000    -0.000000     0.000000    -0.000000    -0.000000     0.000000    -0.000000    -2.000000     0.000000    -1.000000     0.000000    -1.000000    -0.000000     0.000000     0.000000    -0.000000     0.000000    -0.000000    -0.000000 
       41         2   -21.3119   2.000000     0.000000     1.000000     0.000000     1.000000    -0.000000     0.000000     0.000000     0.000000     0.000000     0.000000     0.000000     2.000000    -0.000000     1.000000     0.000000     1.000000    -0.000000     0.000000    -0.000000    -0.000000     0.000000     0.000000    -0.000000 
       43         2   -21.3021   2.000000     0.000000    -2.000000     0.000000    -2.000000    -0.000000     0.000000     0.000000     0.000000     0.000000     0.000000    -0.000000     2.000000    -0.000000    -2.000000     0.000000    -2.000000    -0.000000     0.000000    -0.000000    -0.000000     0.000000     0.000000     0.000000 
       45         2   -21.3019   2.000000     0.000000     1.000000    -0.000000     1.000000     0.000000    -0.000000     0.000000     0.000000    -0.000000    -0.000000     0.000000    -2.000000    -0.000000    -1.000000     0.000000    -1.000000    -0.000000     0.000000     0.000000     0.000000     0.000000     0.000000     0.000000 
       47         2   -21.2895   2.000000     0.000000     1.000000     0.000000     1.000000    -0.000000     0.000000    -0.000000     0.000000     0.000000     0.000000    -0.000000     2.000000    -0.000000     1.000000     0.000000     1.000000    -0.000000     0.000000     0.000000     0.000000     0.000000     0.000000     0.000000 
       49         2   -21.2787   2.000000     0.000000    -2.000000     0.000000    -2.000000    -0.000000     0.000000     0.000000    -0.000000     0.000000    -0.000000    -0.000000    -2.000000     0.000000     2.000000    -0.000000     2.000000     0.000000     0.000000     0.000000     0.000000    -0.000000     0.000000    -0.000000 
       51         2   -14.5405   2.000000     0.000000     1.000000     0.000000     1.000000    -0.000000     0.000000    -0.000000     0.000000    -0.000000     0.000000    -0.000000     2.000000     0.000000     1.000000     0.000000     1.000000    -0.000000     0.000000     0.000000    -0.000000    -0.000000     0.000000     0.000000 
       53         2   -14.1375   2.000000     0.000000     1.000000     0.000000     1.000000    -0.000000    -0.000000    -0.000000    -0.000000     0.000000    -0.000000    -0.000000    -2.000000    -0.000000    -1.000000    -0.000000    -1.000000     0.000000     0.000000    -0.000000    -0.000000    -0.000000     0.000000    -0.000000 
       55         2   -13.2353   2.000000     0.000000     1.000000     0.000000     1.000000    -0.000000     0.000000     0.000000    -0.000000    -0.000000     0.000000     0.000000     2.000000     0.000000     1.000000     0.000000     1.000000    -0.000000     0.000000    -0.000000    -0.000000    -0.000000     0.000000    -0.000000 
       57         2    -9.9934   2.000000     0.000000     1.000000    -0.000000     1.000000     0.000000    -0.000000     0.000000    -0.000000     0.000000    -0.000000     0.000000    -2.000000     0.000000    -1.000000     0.000000    -1.000000    -0.000000     0.000000     0.000000     0.000000    -0.000000     0.000000     0.000000 
       59         2    -8.7132   2.000000     0.000000     1.000000     0.000000     1.000000    -0.000000     0.000000     0.000000    -0.000000    -0.000000     0.000000    -0.000000     2.000000    -0.000000     1.000000     0.000000     1.000000    -0.000000     0.000000    -0.000000    -0.000000    -0.000000     0.000000     0.000000 
       61         2    -2.7669   2.000000     0.000000     1.000000    -0.000000     1.000000     0.000000    -0.000000    -0.000000     0.000000     0.000000    -0.000000     0.000000    -2.000000    -0.000000    -1.000000     0.000000    -1.000000    -0.000000     0.000000    -0.000000     0.000000    -0.000000     0.000000     0.000000 
       63         2    -1.9451   2.000000     0.000000     1.000000    -0.000000     1.000000     0.000000    -0.000000     0.000000     0.000000    -0.000000    -0.000000     0.000000    -2.000000    -0.000000    -1.000000     0.000000    -1.000000    -0.000000     0.000000     0.000000    -0.000000     0.000000     0.000000     0.000000 
       65         2    -1.8132   2.000000     0.000000     1.000000    -0.000000     1.000000     0.000000     0.000000     0.000000     0.000000     0.000000     0.000000     0.000000     2.000000    -0.000000     1.000000    -0.000000     1.000000     0.000000     0.000000    -0.000000     0.000000     0.000000     0.000000    -0.000000 
       67         2    -1.5454   2.000000     0.000000    -2.000000    -0.000000    -2.000000     0.000000     0.000000    -0.000000    -0.000000    -0.000000    -0.000000     0.000000    -2.000000     0.000000     2.000000    -0.000000     2.000000     0.000000    -0.000000    -0.000000     0.000000     0.000000     0.000000     0.000000 
       69         2    -1.4836   2.000000     0.000000     1.000000    -0.000000     1.000000     0.000000    -0.000000     0.000000     0.000000     0.000000    -0.000000     0.000000    -2.000000    -0.000000    -1.000000     0.000000    -1.000000    -0.000000     0.000000     0.000000     0.000000    -0.000000     0.000000     0.000000 
       71         2    -1.1998   2.000000     0.000000     1.000000    -0.000000     1.000000     0.000000    -0.000000     0.000000     0.000000     0.000000    -0.000000     0.000000    -2.000000    -0.000000    -1.000000     0.000000    -1.000000    -0.000000     0.000000     0.000000     0.000000    -0.000000     0.000000     0.000000 
       73         2    -1.0979   2.000000     0.000000    -2.000000    -0.000000    -2.000000     0.000000     0.000000    -0.000000     0.000000    -0.000000     0.000000     0.000000    -2.000000     0.000000     2.000000     0.000000     2.000000    -0.000000     0.000000    -0.000000     0.000000     0.000000    -0.000000     0.000000 
       75         2    -0.9254   2.000000     0.000000    -2.000000     0.000000    -2.000000    -0.000000    -0.000000     0.000000     0.000000     0.000000     0.000000    -0.000000     2.000000     0.000000    -2.000000     0.000000    -2.000000    -0.000000    -0.000000    -0.000000    -0.000000     0.000000     0.000000     0.000000 
       77         2    -0.4630   2.000000     0.000000     1.000000    -0.000000     1.000000     0.000000     0.000000     0.000000     0.000000    -0.000000     0.000000    -0.000000     2.000000    -0.000000     1.000000    -0.000000     1.000000     0.000000     0.000000    -0.000000    -0.000000    -0.000000     0.000000     0.000000 
